NewCave1_L3
Cave
[#,0,0,0][#,0,0,0][#,0,0,0][#,0,0,0][#,0,0,0][#,0,0,0][#,0,0,0][#,0,0,0][#,0,0,0][#,0,0,0][#,0,0,0][#,0,0,0][#,0,0,0][#,0,0,0][#,0,0,0][#,0,0,0][#,0,0,0][#,0,0,0][#,0,0,0][#,0,0,0][#,0,0,0][#,0,0,0][#,0,0,0][#,0,0,0][#,0,0,0][#,0,0,0][#,0,0,0][#,0,0,0][#,0,0,0][#,0,0,0][#,0,0,0][#,0,0,0][#,0,0,0][#,0,0,0][#,0,0,0][#,0,0,0][#,0,0,0][#,0,0,0][#,0,0,0][#,0,0,0][#,0,0,0][#,0,0,0][#,0,0,0][#,0,0,0][#,0,0,0][#,0,0,0][#,0,0,0][#,0,0,0][#,0,0,0][#,0,0,0][#,0,0,0][#,0,0,0][#,0,0,0][#,0,0,0][#,0,0,0][#,0,0,0][#,0,0,0][#,0,0,0][#,0,0,0][#,0,0,0][#,0,0,0][#,0,0,0][#,0,0,0][#,0,0,0][#,0,0,0][#,0,0,0]
[#,0,0,0][#,0,0,0][#,0,0,0][#,0,0,0][#,0,0,0][#,0,0,0][#,0,0,0][#,0,0,0][#,0,0,0][#,0,0,0][#,0,0,0][#,0,0,0][#,0,0,0][#,0,0,0][#,0,0,0][#,0,0,0][#,0,0,0][#,0,0,0][#,0,0,0][#,0,0,0][#,0,0,0][#,0,0,0][#,0,0,0][#,0,0,0][#,0,0,0][#,0,0,0][#,0,0,0][#,0,0,0][#,0,0,0][#,0,0,0][#,0,0,0][#,0,0,0][#,0,0,0][#,0,0,0][#,0,0,0][#,0,0,0][#,0,0,0][#,0,0,0][#,0,0,0][#,0,0,0][#,0,0,0][#,0,0,0][#,0,0,0][#,0,0,0][#,0,0,0][#,0,0,0][#,0,0,0][#,0,0,0][#,0,0,0][#,0,0,0][#,0,0,0][#,0,0,0][#,0,0,0][#,0,0,0][#,0,0,0][#,0,0,0][#,0,0,0][#,0,0,0][#,0,0,0][#,0,0,0][#,0,0,0][#,0,0,0][#,0,0,0][#,0,0,0][#,0,0,0][#,0,0,0]
[#,0,0,0][#,0,0,0][#,0,0,0][#,0,0,0][#,0,0,0][#,0,0,0][#,0,0,0][#,0,0,0][#,0,0,0][#,0,0,0][#,0,0,0][#,0,0,0][#,0,0,0][#,0,0,0][#,0,0,0][#,0,0,0][#,0,0,0][#,0,0,0][#,0,0,0][#,0,0,0][#,0,0,0][#,0,0,0][#,0,0,0][#,0,0,0][#,0,0,0][#,0,0,0][#,0,0,0][#,0,0,0][#,0,0,0][#,0,0,0][#,0,0,0][#,0,0,0][#,0,0,0][#,0,0,0][#,0,0,0][#,0,0,0][#,0,0,0][#,0,0,0][#,0,0,0][#,0,0,0][#,0,0,0][#,0,0,0][#,0,0,0][#,0,0,0][#,0,0,0][#,0,0,0][#,0,0,0][#,0,0,0][#,0,0,0][#,0,0,0][#,0,0,0][#,0,0,0][#,0,0,0][#,0,0,0][#,0,0,0][#,0,0,0][#,0,0,0][#,0,0,0][#,0,0,0][#,0,0,0][#,0,0,0][#,0,0,0][#,0,0,0][#,0,0,0][#,0,0,0][#,0,0,0]
[#,0,0,0][#,0,0,0][#,0,0,0][#,0,0,0][#,0,0,0][#,0,0,0][#,0,0,0][#,0,0,0][#,0,0,0][#,0,0,0][#,0,0,0][#,0,0,0][#,0,0,0][#,0,0,0][#,0,0,0][#,0,0,0][#,0,0,0][#,0,0,0][#,0,0,0][#,0,0,0][#,0,0,0][#,0,0,0][#,0,0,0][#,0,0,0][#,0,0,0][#,0,0,0][#,0,0,0][#,0,0,0][#,0,0,0][#,0,0,0][#,0,0,0][#,0,0,0][#,0,0,0][#,0,0,0][#,0,0,0][#,0,0,0][#,0,0,0][#,0,0,0][#,0,0,0][#,0,0,0][#,0,0,0][#,0,0,0][#,0,0,0][#,0,0,0][#,0,0,0][#,0,0,0][#,0,0,0][#,0,0,0][#,0,0,0][#,0,0,0][#,0,0,0][#,0,0,0][#,0,0,0][#,0,0,0][#,0,0,0][#,0,0,0][#,0,0,0][#,0,0,0][#,0,0,0][#,0,0,0][#,0,0,0][#,0,0,0][#,0,0,0][#,0,0,0][#,0,0,0][#,0,0,0]
[#,0,0,0][#,0,0,0][#,0,0,0][#,0,0,0][#,0,0,0][#,0,0,0][#,0,0,0][#,0,0,0][#,0,0,0][#,0,0,0][#,0,0,0][#,0,0,0][#,0,0,0][#,0,0,0][#,0,0,0][#,0,0,0][#,0,0,0][#,0,0,0][#,0,0,0][#,0,0,0][#,0,0,0][#,0,0,0][#,0,0,0][#,0,0,0][#,0,0,0][#,0,0,0][#,0,0,0][#,0,0,0][#,0,0,0][#,0,0,0][#,0,0,0][#,0,0,0][#,0,0,0][#,0,0,0][#,0,0,0][#,0,0,0][#,0,0,0][#,0,0,0][#,0,0,0][#,0,0,0][#,0,0,0][#,0,0,0][#,0,0,0][#,0,0,0][#,0,0,0][#,0,0,0][#,0,0,0][#,0,0,0][#,0,0,0][#,0,0,0][#,0,0,0][#,0,0,0][#,0,0,0][#,0,0,0][#,0,0,0][#,0,0,0][#,0,0,0][#,0,0,0][#,0,0,0][#,0,0,0][#,0,0,0][#,0,0,0][#,0,0,0][#,0,0,0][#,0,0,0][#,0,0,0]
[#,0,0,0][#,0,0,0][#,0,0,0][#,0,0,0][#,0,0,0][#,0,0,0][#,0,0,0][#,0,0,0][#,0,0,0][#,0,0,0][#,0,0,0][#,0,0,0][#,0,0,0][#,0,0,0][#,0,0,0][#,0,0,0][#,0,0,0][#,0,0,0][#,0,0,0][#,0,0,0][#,0,0,0][#,0,0,0][#,0,0,0][#,0,0,0][#,0,0,0][#,0,0,0][#,0,0,0][#,0,0,0][#,0,0,0][#,0,0,0][#,0,0,0][#,0,0,0][#,0,0,0][#,0,0,0][#,0,0,0][#,0,0,0][#,0,0,0][#,0,0,0][#,0,0,0][#,0,0,0][#,0,0,0][#,0,0,0][#,0,0,0][#,0,0,0][#,0,0,0][#,0,0,0][#,0,0,0][#,0,0,0][#,0,0,0][#,0,0,0][#,0,0,0][#,0,0,0][#,0,0,0][#,0,0,0][#,0,0,0][#,0,0,0][#,0,0,0][#,0,0,0][#,0,0,0][#,0,0,0][#,0,0,0][#,0,0,0][#,0,0,0][#,0,0,0][#,0,0,0][#,0,0,0]
[#,0,0,0][#,0,0,0][#,0,0,0][#,0,0,0][.,0,0,0][.,0,0,0][.,0,0,0][.,0,0,0][.,0,0,0][.,0,0,0][.,0,0,0][#,0,0,0][#,0,0,0][#,0,0,0][#,0,0,0][#,0,0,0][#,0,0,0][#,0,0,0][#,0,0,0][#,0,0,0][#,0,0,0][#,0,0,0][.,0,0,0][.,0,0,0][.,0,0,0][.,0,0,0][.,0,0,0][.,0,0,0][.,0,0,0][#,0,0,0][#,0,0,0][#,0,0,0][#,0,0,0][#,0,0,0][#,0,0,0][#,0,0,0][#,0,0,0][#,0,0,0][#,0,0,0][#,0,0,0][.,0,0,0][.,0,0,0][.,0,0,0][.,0,0,0][.,0,0,0][.,0,0,0][.,0,0,0][.,0,0,0][.,0,0,0][.,0,0,0][.,0,0,0][.,0,0,0][.,0,0,0][.,0,0,0][.,0,0,0][.,0,0,0][.,0,0,0][#,0,0,0][#,0,0,0][#,0,0,0][#,0,0,0][#,0,0,0][#,0,0,0][#,0,0,0][#,0,0,0][#,0,0,0]
[#,0,0,0][#,0,0,0][#,0,0,0][#,0,0,0][#,0,0,0][#,0,0,0][#,0,0,0][#,0,0,0][#,0,0,0][#,0,0,0][#,0,0,0][#,0,0,0][#,0,0,0][#,0,0,0][#,0,0,0][#,0,0,0][#,0,0,0][#,0,0,0][#,0,0,0][#,0,0,0][#,0,0,0][#,0,0,0][#,0,0,0][#,0,0,0][#,0,0,0][#,0,0,0][#,0,0,0][#,0,0,0][#,0,0,0][#,0,0,0][#,0,0,0][#,0,0,0][#,0,0,0][#,0,0,0][#,0,0,0][#,0,0,0][#,0,0,0][#,0,0,0][#,0,0,0][#,0,0,0][#,0,0,0][#,0,0,0][#,0,0,0][#,0,0,0][#,0,0,0][.,0,0,0][.,0,0,0][.,0,0,0][.,0,0,0][.,0,0,0][.,0,0,0][.,0,0,0][.,0,0,0][.,0,0,0][.,0,0,0][.,0,0,0][.,0,0,0][#,0,0,0][#,0,0,0][#,0,0,0][#,0,0,0][#,0,0,0][#,0,0,0][#,0,0,0][#,0,0,0][#,0,0,0]
[#,0,0,0][#,0,0,0][#,0,0,0][#,0,0,0][#,0,0,0][#,0,0,0][#,0,0,0][#,0,0,0][#,0,0,0][#,0,0,0][#,0,0,0][#,0,0,0][#,0,0,0][#,0,0,0][#,0,0,0][#,0,0,0][#,0,0,0][#,0,0,0][#,0,0,0][#,0,0,0][#,0,0,0][#,0,0,0][#,0,0,0][#,0,0,0][#,0,0,0][#,0,0,0][#,0,0,0][#,0,0,0][#,0,0,0][#,0,0,0][#,0,0,0][#,0,0,0][#,0,0,0][#,0,0,0][#,0,0,0][#,0,0,0][#,0,0,0][#,0,0,0][#,0,0,0][#,0,0,0][#,0,0,0][#,0,0,0][#,0,0,0][#,0,0,0][#,0,0,0][.,0,0,0][.,0,0,0][.,0,0,0][.,0,0,0][.,0,0,0][.,0,0,0][>,0,Up Stairs,0][.,0,0,0][.,0,0,0][.,0,0,0][.,0,0,0][.,0,0,0][#,0,0,0][#,0,0,0][#,0,0,0][#,0,0,0][#,0,0,0][#,0,0,0][#,0,0,0][#,0,0,0][#,0,0,0]
[#,0,0,0][#,0,0,0][#,0,0,0][#,0,0,0][#,0,0,0][#,0,0,0][#,0,0,0][#,0,0,0][#,0,0,0][#,0,0,0][#,0,0,0][#,0,0,0][#,0,0,0][#,0,0,0][#,0,0,0][.,0,0,0][.,0,0,0][.,0,0,0][.,0,0,0][.,0,0,0][.,0,0,0][.,0,0,0][.,0,0,0][.,0,0,0][.,0,0,0][.,0,0,0][.,0,0,0][.,0,0,0][.,0,0,0][.,0,0,0][.,0,0,0][.,0,0,0][.,0,0,0][.,0,0,0][.,0,0,0][.,0,0,0][.,0,0,0][.,0,0,0][.,0,0,0][.,0,0,0][.,0,0,0][.,0,0,0][.,0,0,0][.,0,0,0][.,0,0,0][.,0,0,0][.,0,0,0][.,0,0,0][.,0,0,0][.,0,0,0][.,0,0,0][.,0,0,0][.,0,0,0][.,0,0,0][.,0,0,0][.,0,0,0][.,0,0,0][#,0,0,0][#,0,0,0][#,0,0,0][#,0,0,0][#,0,0,0][#,0,0,0][#,0,0,0][#,0,0,0][#,0,0,0]
[#,0,0,0][#,0,0,0][#,0,0,0][#,0,0,0][#,0,0,0][#,0,0,0][#,0,0,0][#,0,0,0][#,0,0,0][#,0,0,0][#,0,0,0][#,0,0,0][#,0,0,0][#,0,0,0][#,0,0,0][.,0,0,0][#,0,0,0][#,0,0,0][#,0,0,0][#,0,0,0][#,0,0,0][#,0,0,0][#,0,0,0][#,0,0,0][#,0,0,0][#,0,0,0][#,0,0,0][#,0,0,0][#,0,0,0][#,0,0,0][#,0,0,0][#,0,0,0][#,0,0,0][#,0,0,0][#,0,0,0][#,0,0,0][#,0,0,0][#,0,0,0][#,0,0,0][#,0,0,0][#,0,0,0][#,0,0,0][#,0,0,0][#,0,0,0][#,0,0,0][.,0,0,0][.,0,0,0][.,0,0,0][.,0,0,0][.,0,0,0][.,0,0,0][.,0,0,0][.,0,0,0][.,0,0,0][.,0,0,0][.,0,0,0][.,0,0,0][#,0,0,0][#,0,0,0][#,0,0,0][#,0,0,0][#,0,0,0][#,0,0,0][#,0,0,0][#,0,0,0][#,0,0,0]
[#,0,0,0][#,0,0,0][#,0,0,0][#,0,0,0][#,0,0,0][#,0,0,0][#,0,0,0][#,0,0,0][#,0,0,0][#,0,0,0][#,0,0,0][#,0,0,0][#,0,0,0][#,0,0,0][#,0,0,0][.,0,0,0][#,0,0,0][#,0,0,0][#,0,0,0][#,0,0,0][#,0,0,0][#,0,0,0][#,0,0,0][#,0,0,0][#,0,0,0][#,0,0,0][#,0,0,0][#,0,0,0][#,0,0,0][#,0,0,0][#,0,0,0][#,0,0,0][#,0,0,0][#,0,0,0][#,0,0,0][#,0,0,0][#,0,0,0][#,0,0,0][#,0,0,0][#,0,0,0][#,0,0,0][#,0,0,0][#,0,0,0][#,0,0,0][#,0,0,0][.,0,0,0][.,0,0,0][.,0,0,0][.,0,0,0][.,0,0,0][.,0,0,0][.,0,0,0][.,0,0,0][.,0,0,0][.,0,0,0][.,0,0,0][.,0,0,0][#,0,0,0][#,0,0,0][#,0,0,0][#,0,0,0][#,0,0,0][#,0,0,0][#,0,0,0][#,0,0,0][#,0,0,0]
[#,0,0,0][#,0,0,0][#,0,0,0][#,0,0,0][#,0,0,0][#,0,0,0][#,0,0,0][#,0,0,0][#,0,0,0][#,0,0,0][#,0,0,0][#,0,0,0][#,0,0,0][#,0,0,0][#,0,0,0][.,0,0,0][#,0,0,0][#,0,0,0][#,0,0,0][#,0,0,0][#,0,0,0][#,0,0,0][#,0,0,0][#,0,0,0][#,0,0,0][#,0,0,0][#,0,0,0][#,0,0,0][#,0,0,0][#,0,0,0][#,0,0,0][#,0,0,0][#,0,0,0][#,0,0,0][#,0,0,0][#,0,0,0][#,0,0,0][#,0,0,0][#,0,0,0][#,0,0,0][#,0,0,0][#,0,0,0][#,0,0,0][#,0,0,0][#,0,0,0][#,0,0,0][#,0,0,0][#,0,0,0][#,0,0,0][#,0,0,0][#,0,0,0][#,0,0,0][#,0,0,0][#,0,0,0][#,0,0,0][#,0,0,0][#,0,0,0][#,0,0,0][#,0,0,0][#,0,0,0][#,0,0,0][#,0,0,0][#,0,0,0][#,0,0,0][#,0,0,0][#,0,0,0]
[#,0,0,0][#,0,0,0][#,0,0,0][#,0,0,0][#,0,0,0][#,0,0,0][#,0,0,0][#,0,0,0][#,0,0,0][#,0,0,0][#,0,0,0][#,0,0,0][#,0,0,0][#,0,0,0][#,0,0,0][.,0,0,0][#,0,0,0][#,0,0,0][#,0,0,0][#,0,0,0][#,0,0,0][#,0,0,0][#,0,0,0][#,0,0,0][#,0,0,0][#,0,0,0][#,0,0,0][#,0,0,0][#,0,0,0][#,0,0,0][#,0,0,0][#,0,0,0][#,0,0,0][#,0,0,0][#,0,0,0][#,0,0,0][#,0,0,0][#,0,0,0][#,0,0,0][#,0,0,0][#,0,0,0][#,0,0,0][#,0,0,0][#,0,0,0][#,0,0,0][#,0,0,0][#,0,0,0][#,0,0,0][#,0,0,0][#,0,0,0][#,0,0,0][#,0,0,0][#,0,0,0][#,0,0,0][#,0,0,0][#,0,0,0][#,0,0,0][#,0,0,0][#,0,0,0][#,0,0,0][#,0,0,0][#,0,0,0][#,0,0,0][#,0,0,0][#,0,0,0][#,0,0,0]
[#,0,0,0][#,0,0,0][#,0,0,0][#,0,0,0][#,0,0,0][#,0,0,0][#,0,0,0][#,0,0,0][#,0,0,0][#,0,0,0][#,0,0,0][#,0,0,0][#,0,0,0][#,0,0,0][#,0,0,0][.,0,0,0][#,0,0,0][#,0,0,0][#,0,0,0][#,0,0,0][#,0,0,0][#,0,0,0][#,0,0,0][#,0,0,0][#,0,0,0][#,0,0,0][#,0,0,0][#,0,0,0][#,0,0,0][#,0,0,0][#,0,0,0][#,0,0,0][#,0,0,0][#,0,0,0][#,0,0,0][#,0,0,0][#,0,0,0][#,0,0,0][#,0,0,0][#,0,0,0][.,0,0,0][.,0,0,0][.,0,0,0][.,0,0,0][.,0,0,0][.,0,0,0][.,0,0,0][.,0,0,0][#,0,0,0][#,0,0,0][#,0,0,0][#,0,0,0][#,0,0,0][#,0,0,0][#,0,0,0][#,0,0,0][#,0,0,0][#,0,0,0][#,0,0,0][#,0,0,0][#,0,0,0][#,0,0,0][#,0,0,0][#,0,0,0][#,0,0,0][#,0,0,0]
[#,0,0,0][#,0,0,0][#,0,0,0][#,0,0,0][#,0,0,0][#,0,0,0][#,0,0,0][#,0,0,0][#,0,0,0][#,0,0,0][#,0,0,0][#,0,0,0][#,0,0,0][#,0,0,0][#,0,0,0][.,0,0,0][#,0,0,0][#,0,0,0][#,0,0,0][#,0,0,0][#,0,0,0][#,0,0,0][#,0,0,0][#,0,0,0][#,0,0,0][#,0,0,0][#,0,0,0][#,0,0,0][#,0,0,0][#,0,0,0][#,0,0,0][#,0,0,0][#,0,0,0][#,0,0,0][#,0,0,0][#,0,0,0][#,0,0,0][#,0,0,0][#,0,0,0][#,0,0,0][.,0,0,0][.,0,0,0][.,0,0,0][.,0,0,0][.,0,0,0][.,0,0,0][.,0,0,0][.,0,0,0][#,0,0,0][#,0,0,0][#,0,0,0][#,0,0,0][#,0,0,0][#,0,0,0][#,0,0,0][#,0,0,0][#,0,0,0][#,0,0,0][#,0,0,0][#,0,0,0][#,0,0,0][#,0,0,0][#,0,0,0][#,0,0,0][#,0,0,0][#,0,0,0]
[#,0,0,0][#,0,0,0][#,0,0,0][#,0,0,0][#,0,0,0][#,0,0,0][#,0,0,0][#,0,0,0][#,0,0,0][#,0,0,0][#,0,0,0][#,0,0,0][#,0,0,0][#,0,0,0][#,0,0,0][.,0,0,0][.,0,0,0][.,0,0,0][.,0,0,0][.,0,0,0][.,0,0,0][.,0,0,0][.,0,0,0][.,0,0,0][.,0,0,0][.,0,0,0][.,0,0,0][.,0,0,0][.,0,0,0][.,0,0,0][.,0,0,0][.,0,0,0][.,0,0,0][.,0,0,0][.,0,0,0][.,0,0,0][.,0,0,0][.,0,0,0][.,0,0,0][.,0,0,0][.,0,0,0][.,0,0,0][.,0,0,0][.,0,0,0][.,0,0,0][.,0,0,0][.,0,0,0][.,0,0,0][#,0,0,0][#,0,0,0][#,0,0,0][#,0,0,0][#,0,0,0][#,0,0,0][#,0,0,0][#,0,0,0][#,0,0,0][#,0,0,0][#,0,0,0][#,0,0,0][#,0,0,0][#,0,0,0][#,0,0,0][#,0,0,0][#,0,0,0][#,0,0,0]
[#,0,0,0][#,0,0,0][#,0,0,0][#,0,0,0][#,0,0,0][#,0,0,0][#,0,0,0][#,0,0,0][#,0,0,0][#,0,0,0][#,0,0,0][#,0,0,0][#,0,0,0][#,0,0,0][#,0,0,0][#,0,0,0][#,0,0,0][#,0,0,0][#,0,0,0][#,0,0,0][#,0,0,0][#,0,0,0][#,0,0,0][#,0,0,0][#,0,0,0][#,0,0,0][#,0,0,0][#,0,0,0][#,0,0,0][#,0,0,0][#,0,0,0][#,0,0,0][#,0,0,0][#,0,0,0][#,0,0,0][#,0,0,0][#,0,0,0][#,0,0,0][#,0,0,0][#,0,0,0][.,0,0,0][.,0,0,0][.,0,0,0][.,0,0,0][.,0,0,0][.,0,0,0][.,0,0,0][.,0,0,0][#,0,0,0][#,0,0,0][#,0,0,0][#,0,0,0][#,0,0,0][#,0,0,0][#,0,0,0][#,0,0,0][#,0,0,0][#,0,0,0][#,0,0,0][#,0,0,0][#,0,0,0][#,0,0,0][#,0,0,0][#,0,0,0][#,0,0,0][#,0,0,0]
[#,0,0,0][#,0,0,0][#,0,0,0][#,0,0,0][#,0,0,0][#,0,0,0][#,0,0,0][#,0,0,0][#,0,0,0][#,0,0,0][#,0,0,0][#,0,0,0][#,0,0,0][#,0,0,0][#,0,0,0][#,0,0,0][#,0,0,0][#,0,0,0][#,0,0,0][#,0,0,0][#,0,0,0][#,0,0,0][#,0,0,0][#,0,0,0][#,0,0,0][#,0,0,0][#,0,0,0][#,0,0,0][#,0,0,0][#,0,0,0][#,0,0,0][#,0,0,0][#,0,0,0][#,0,0,0][#,0,0,0][#,0,0,0][#,0,0,0][#,0,0,0][#,0,0,0][#,0,0,0][.,0,0,0][.,0,0,0][.,0,0,0][.,0,0,0][.,0,0,0][.,0,0,0][.,0,0,0][.,0,0,0][#,0,0,0][#,0,0,0][#,0,0,0][#,0,0,0][#,0,0,0][#,0,0,0][#,0,0,0][#,0,0,0][#,0,0,0][#,0,0,0][#,0,0,0][#,0,0,0][#,0,0,0][#,0,0,0][#,0,0,0][#,0,0,0][#,0,0,0][#,0,0,0]
[#,0,0,0][#,0,0,0][#,0,0,0][#,0,0,0][#,0,0,0][#,0,0,0][#,0,0,0][#,0,0,0][#,0,0,0][#,0,0,0][#,0,0,0][#,0,0,0][#,0,0,0][#,0,0,0][#,0,0,0][#,0,0,0][#,0,0,0][#,0,0,0][#,0,0,0][#,0,0,0][#,0,0,0][#,0,0,0][#,0,0,0][#,0,0,0][#,0,0,0][#,0,0,0][#,0,0,0][#,0,0,0][#,0,0,0][#,0,0,0][#,0,0,0][#,0,0,0][#,0,0,0][#,0,0,0][#,0,0,0][#,0,0,0][#,0,0,0][#,0,0,0][#,0,0,0][#,0,0,0][#,0,0,0][#,0,0,0][#,0,0,0][#,0,0,0][#,0,0,0][#,0,0,0][#,0,0,0][#,0,0,0][#,0,0,0][#,0,0,0][#,0,0,0][#,0,0,0][#,0,0,0][#,0,0,0][#,0,0,0][#,0,0,0][#,0,0,0][#,0,0,0][#,0,0,0][#,0,0,0][#,0,0,0][#,0,0,0][#,0,0,0][#,0,0,0][#,0,0,0][#,0,0,0]
[#,0,0,0][#,0,0,0][#,0,0,0][#,0,0,0][#,0,0,0][#,0,0,0][#,0,0,0][#,0,0,0][#,0,0,0][#,0,0,0][#,0,0,0][#,0,0,0][#,0,0,0][#,0,0,0][#,0,0,0][#,0,0,0][#,0,0,0][#,0,0,0][#,0,0,0][#,0,0,0][#,0,0,0][#,0,0,0][#,0,0,0][#,0,0,0][#,0,0,0][#,0,0,0][#,0,0,0][#,0,0,0][#,0,0,0][#,0,0,0][#,0,0,0][#,0,0,0][#,0,0,0][#,0,0,0][#,0,0,0][#,0,0,0][#,0,0,0][#,0,0,0][#,0,0,0][#,0,0,0][#,0,0,0][#,0,0,0][#,0,0,0][#,0,0,0][#,0,0,0][#,0,0,0][#,0,0,0][#,0,0,0][#,0,0,0][#,0,0,0][#,0,0,0][#,0,0,0][#,0,0,0][#,0,0,0][#,0,0,0][#,0,0,0][#,0,0,0][#,0,0,0][#,0,0,0][#,0,0,0][#,0,0,0][#,0,0,0][#,0,0,0][#,0,0,0][#,0,0,0][#,0,0,0]
[#,0,0,0][#,0,0,0][#,0,0,0][#,0,0,0][#,0,0,0][#,0,0,0][#,0,0,0][#,0,0,0][#,0,0,0][#,0,0,0][#,0,0,0][#,0,0,0][#,0,0,0][#,0,0,0][#,0,0,0][#,0,0,0][#,0,0,0][#,0,0,0][#,0,0,0][#,0,0,0][#,0,0,0][#,0,0,0][#,0,0,0][#,0,0,0][#,0,0,0][#,0,0,0][#,0,0,0][#,0,0,0][#,0,0,0][#,0,0,0][#,0,0,0][#,0,0,0][#,0,0,0][#,0,0,0][#,0,0,0][#,0,0,0][#,0,0,0][#,0,0,0][#,0,0,0][#,0,0,0][#,0,0,0][#,0,0,0][#,0,0,0][#,0,0,0][#,0,0,0][#,0,0,0][#,0,0,0][#,0,0,0][#,0,0,0][#,0,0,0][#,0,0,0][#,0,0,0][#,0,0,0][#,0,0,0][#,0,0,0][#,0,0,0][#,0,0,0][#,0,0,0][#,0,0,0][#,0,0,0][#,0,0,0][#,0,0,0][#,0,0,0][#,0,0,0][#,0,0,0][#,0,0,0]