NewCave1
Cave
[#,0,0,0][#,0,0,0][#,0,0,0][#,0,0,0][#,0,0,0][#,0,0,0][#,0,0,0][#,0,0,0][#,0,0,0][#,0,0,0][#,0,0,0][#,0,0,0][#,0,0,0][#,0,0,0][#,0,0,0][#,0,0,0][#,0,0,0][#,0,0,0][#,0,0,0][#,0,0,0][#,0,0,0][#,0,0,0][#,0,0,0][#,0,0,0][#,0,0,0][#,0,0,0][#,0,0,0][#,0,0,0][#,0,0,0][#,0,0,0][#,0,0,0][#,0,0,0][#,0,0,0][#,0,0,0][#,0,0,0][#,0,0,0][#,0,0,0][#,0,0,0][#,0,0,0][#,0,0,0][#,0,0,0][#,0,0,0][#,0,0,0][#,0,0,0][#,0,0,0][#,0,0,0][#,0,0,0][#,0,0,0][#,0,0,0][#,0,0,0][#,0,0,0][#,0,0,0][#,0,0,0][#,0,0,0][#,0,0,0][#,0,0,0][#,0,0,0][#,0,0,0][#,0,0,0][#,0,0,0][#,0,0,0][#,0,0,0][#,0,0,0][#,0,0,0][#,0,0,0][#,0,0,0]
[#,0,0,0][.,0,0,0][.,0,0,0][>,0,Up Stairs,Top Level][.,0,0,0][.,0,0,0][.,0,0,0][.,0,0,0][.,0,0,0][.,0,0,0][#,0,0,0][#,0,0,0][#,0,0,0][#,0,0,0][#,0,0,0][#,0,0,0][#,0,0,0][#,0,0,0][.,0,0,0][.,0,0,0][.,0,0,0][.,0,0,0][#,0,0,0][#,0,0,0][#,0,0,0][#,0,0,0][#,0,0,0][#,0,0,0][#,0,0,0][#,0,0,0][#,0,0,0][#,0,0,0][#,0,0,0][.,0,0,0][#,0,0,0][#,0,0,0][#,0,0,0][#,0,0,0][#,0,0,0][#,0,0,0][#,0,0,0][#,0,0,0][#,0,0,0][#,0,0,0][#,0,0,0][#,0,0,0][#,0,0,0][#,0,0,0][#,0,0,0][#,0,0,0][#,0,0,0][#,0,0,0][#,0,0,0][#,0,0,0][#,0,0,0][#,0,0,0][#,0,0,0][#,0,0,0][#,0,0,0][#,0,0,0][#,0,0,0][#,0,0,0][#,0,0,0][#,0,0,0][#,0,0,0][#,0,0,0]
[#,0,0,0][.,0,0,0][.,0,0,0][.,0,0,0][.,0,0,0][.,0,0,0][.,0,0,0][.,0,0,0][.,0,0,0][#,0,0,0][#,0,0,0][#,0,0,0][#,0,0,0][#,0,0,0][#,0,0,0][#,0,0,0][#,0,0,0][#,0,0,0][.,0,0,0][.,0,0,0][.,0,0,0][.,0,0,0][.,0,0,0][.,0,0,0][.,0,0,0][.,0,0,0][.,0,0,0][.,0,0,0][.,0,0,0][.,0,0,0][.,0,0,0][.,0,0,0][.,0,0,0][.,0,0,0][.,0,0,0][.,0,0,0][.,0,0,0][.,0,0,0][.,0,0,0][.,0,0,0][.,0,0,0][.,0,0,0][.,0,0,0][.,0,0,0][.,0,0,0][.,0,0,0][.,0,0,0][.,0,0,0][.,0,0,0][.,0,0,0][.,0,0,0][.,0,0,0][#,0,0,0][#,0,0,0][#,0,0,0][#,0,0,0][#,0,0,0][#,0,0,0][#,0,0,0][#,0,0,0][#,0,0,0][#,0,0,0][#,0,0,0][#,0,0,0][#,0,0,0][#,0,0,0]
[#,0,0,0][.,0,0,0][.,0,0,0][.,0,0,0][.,0,0,0][.,0,0,0][.,0,0,0][.,0,0,0][#,0,0,0][#,0,0,0][#,0,0,0][#,0,0,0][#,0,0,0][#,0,0,0][#,0,0,0][#,0,0,0][#,0,0,0][#,0,0,0][.,0,0,0][.,0,0,0][.,0,0,0][.,0,0,0][#,0,0,0][#,0,0,0][#,0,0,0][#,0,0,0][#,0,0,0][#,0,0,0][#,0,0,0][#,0,0,0][#,0,0,0][#,0,0,0][#,0,0,0][.,0,0,0][#,0,0,0][#,0,0,0][#,0,0,0][#,0,0,0][#,0,0,0][#,0,0,0][#,0,0,0][#,0,0,0][#,0,0,0][#,0,0,0][#,0,0,0][#,0,0,0][#,0,0,0][#,0,0,0][#,0,0,0][#,0,0,0][#,0,0,0][.,0,0,0][#,0,0,0][#,0,0,0][#,0,0,0][#,0,0,0][#,0,0,0][#,0,0,0][#,0,0,0][#,0,0,0][#,0,0,0][#,0,0,0][#,0,0,0][#,0,0,0][#,0,0,0][#,0,0,0]
[#,0,0,0][.,0,0,0][.,0,0,0][.,0,0,0][.,0,0,0][.,0,0,0][#,0,0,0][#,0,0,0][#,0,0,0][#,0,0,0][#,0,0,0][#,0,0,0][#,0,0,0][#,0,0,0][#,0,0,0][#,0,0,0][#,0,0,0][#,0,0,0][.,0,0,0][.,0,0,0][.,0,0,0][.,0,0,0][#,0,0,0][#,0,0,0][#,0,0,0][#,0,0,0][#,0,0,0][.,0,0,0][.,0,0,0][.,0,0,0][.,0,0,0][.,0,0,0][.,0,0,0][.,0,0,0][#,0,0,0][#,0,0,0][#,0,0,0][#,0,0,0][#,0,0,0][#,0,0,0][#,0,0,0][#,0,0,0][#,0,0,0][#,0,0,0][#,0,0,0][#,0,0,0][#,0,0,0][#,0,0,0][#,0,0,0][#,0,0,0][#,0,0,0][.,0,0,0][#,0,0,0][#,0,0,0][#,0,0,0][#,0,0,0][#,0,0,0][#,0,0,0][#,0,0,0][#,0,0,0][#,0,0,0][#,0,0,0][#,0,0,0][#,0,0,0][#,0,0,0][#,0,0,0]
[#,0,0,0][.,0,0,0][.,0,0,0][.,0,0,0][#,0,0,0][#,0,0,0][#,0,0,0][#,0,0,0][#,0,0,0][#,0,0,0][#,0,0,0][#,0,0,0][#,0,0,0][#,0,0,0][#,0,0,0][#,0,0,0][#,0,0,0][#,0,0,0][.,0,0,0][#,0,0,0][#,0,0,0][#,0,0,0][#,0,0,0][#,0,0,0][#,0,0,0][#,0,0,0][#,0,0,0][.,0,0,0][#,0,0,0][#,0,0,0][#,0,0,0][#,0,0,0][#,0,0,0][#,0,0,0][#,0,0,0][#,0,0,0][#,0,0,0][#,0,0,0][#,0,0,0][#,0,0,0][#,0,0,0][#,0,0,0][#,0,0,0][#,0,0,0][#,0,0,0][#,0,0,0][#,0,0,0][#,0,0,0][#,0,0,0][#,0,0,0][#,0,0,0][.,0,0,0][#,0,0,0][#,0,0,0][#,0,0,0][#,0,0,0][#,0,0,0][#,0,0,0][#,0,0,0][#,0,0,0][#,0,0,0][#,0,0,0][#,0,0,0][#,0,0,0][#,0,0,0][#,0,0,0]
[#,0,0,0][.,0,0,0][.,0,0,0][.,0,0,0][.,0,0,0][.,0,0,0][.,0,0,0][#,0,0,0][#,0,0,0][#,0,0,0][#,0,0,0][#,0,0,0][#,0,0,0][#,0,0,0][#,0,0,0][#,0,0,0][#,0,0,0][#,0,0,0][.,0,0,0][#,0,0,0][#,0,0,0][#,0,0,0][#,0,0,0][#,0,0,0][#,0,0,0][#,0,0,0][#,0,0,0][.,0,0,0][#,0,0,0][#,0,0,0][#,0,0,0][#,0,0,0][#,0,0,0][#,0,0,0][#,0,0,0][#,0,0,0][#,0,0,0][#,0,0,0][#,0,0,0][#,0,0,0][#,0,0,0][#,0,0,0][#,0,0,0][#,0,0,0][#,0,0,0][#,0,0,0][#,0,0,0][#,0,0,0][#,0,0,0][#,0,0,0][#,0,0,0][.,0,0,0][#,0,0,0][#,0,0,0][#,0,0,0][#,0,0,0][#,0,0,0][#,0,0,0][#,0,0,0][#,0,0,0][#,0,0,0][#,0,0,0][#,0,0,0][#,0,0,0][#,0,0,0][#,0,0,0]
[#,0,0,0][#,0,0,0][#,0,0,0][.,0,0,0][.,0,0,0][.,0,0,0][.,0,0,0][.,0,0,0][.,0,0,0][.,0,0,0][#,0,0,0][#,0,0,0][#,0,0,0][#,0,0,0][.,0,0,0][.,0,0,0][.,0,0,0][.,0,0,0][.,0,0,0][#,0,0,0][#,0,0,0][#,0,0,0][#,0,0,0][#,0,0,0][#,0,0,0][#,0,0,0][#,0,0,0][.,0,0,0][#,0,0,0][#,0,0,0][#,0,0,0][.,0,0,0][.,0,0,0][.,0,0,0][.,0,0,0][.,0,0,0][.,0,0,0][.,0,0,0][.,0,0,0][.,0,0,0][.,0,0,0][.,0,0,0][#,0,0,0][#,0,0,0][#,0,0,0][#,0,0,0][#,0,0,0][#,0,0,0][#,0,0,0][#,0,0,0][#,0,0,0][.,0,0,0][#,0,0,0][#,0,0,0][#,0,0,0][#,0,0,0][#,0,0,0][#,0,0,0][#,0,0,0][#,0,0,0][#,0,0,0][#,0,0,0][#,0,0,0][#,0,0,0][#,0,0,0][#,0,0,0]
[#,0,0,0][#,0,0,0][#,0,0,0][#,0,0,0][#,0,0,0][#,0,0,0][.,0,0,0][.,0,0,0][.,0,0,0][.,0,0,0][.,0,0,0][.,0,0,0][.,0,0,0][.,0,0,0][.,0,0,0][#,0,0,0][#,0,0,0][#,0,0,0][#,0,0,0][#,0,0,0][.,0,0,0][.,0,0,0][.,0,0,0][.,0,0,0][.,0,0,0][.,0,0,0][.,0,0,0][.,0,0,0][.,0,0,0][.,0,0,0][#,0,0,0][.,0,0,0][.,0,0,0][.,0,0,0][.,0,0,0][.,0,0,0][.,0,0,0][.,0,0,0][.,0,0,0][.,0,0,0][.,0,0,0][.,0,0,0][#,0,0,0][#,0,0,0][#,0,0,0][#,0,0,0][#,0,0,0][#,0,0,0][#,0,0,0][#,0,0,0][#,0,0,0][.,0,0,0][#,0,0,0][#,0,0,0][#,0,0,0][#,0,0,0][#,0,0,0][#,0,0,0][#,0,0,0][#,0,0,0][#,0,0,0][#,0,0,0][#,0,0,0][#,0,0,0][#,0,0,0][#,0,0,0]
[#,0,0,0][#,0,0,0][#,0,0,0][#,0,0,0][#,0,0,0][#,0,0,0][#,0,0,0][#,0,0,0][#,0,0,0][#,0,0,0][#,0,0,0][#,0,0,0][.,0,0,0][.,0,0,0][.,0,0,0][#,0,0,0][#,0,0,0][#,0,0,0][#,0,0,0][#,0,0,0][.,0,0,0][.,0,0,0][.,0,0,0][.,0,0,0][.,0,0,0][.,0,0,0][.,0,0,0][.,0,0,0][.,0,0,0][.,0,0,0][#,0,0,0][.,0,0,0][.,0,0,0][.,0,0,0][.,0,0,0][.,0,0,0][.,0,0,0][.,0,0,0][.,0,0,0][.,0,0,0][.,0,0,0][.,0,0,0][.,0,0,0][.,0,0,0][.,0,0,0][.,0,0,0][.,0,0,0][.,0,0,0][.,0,0,0][.,0,0,0][.,0,0,0][.,0,0,0][#,0,0,0][#,0,0,0][#,0,0,0][#,0,0,0][#,0,0,0][#,0,0,0][#,0,0,0][#,0,0,0][#,0,0,0][#,0,0,0][#,0,0,0][#,0,0,0][#,0,0,0][#,0,0,0]
[#,0,0,0][#,0,0,0][#,0,0,0][#,0,0,0][#,0,0,0][#,0,0,0][#,0,0,0][#,0,0,0][#,0,0,0][#,0,0,0][#,0,0,0][#,0,0,0][#,0,0,0][.,0,0,0][.,0,0,0][#,0,0,0][#,0,0,0][#,0,0,0][#,0,0,0][#,0,0,0][.,0,0,0][.,0,0,0][.,0,0,0][.,0,0,0][.,0,0,0][.,0,0,0][.,0,0,0][.,0,0,0][.,0,0,0][.,0,0,0][#,0,0,0][.,0,0,0][.,0,0,0][.,0,0,0][.,0,0,0][.,0,0,0][.,0,0,0][.,0,0,0][.,0,0,0][.,0,0,0][.,0,0,0][.,0,0,0][#,0,0,0][#,0,0,0][#,0,0,0][#,0,0,0][#,0,0,0][#,0,0,0][#,0,0,0][#,0,0,0][#,0,0,0][#,0,0,0][#,0,0,0][#,0,0,0][#,0,0,0][#,0,0,0][#,0,0,0][#,0,0,0][#,0,0,0][#,0,0,0][#,0,0,0][#,0,0,0][#,0,0,0][#,0,0,0][#,0,0,0][#,0,0,0]
[#,0,0,0][#,0,0,0][#,0,0,0][#,0,0,0][#,0,0,0][#,0,0,0][#,0,0,0][#,0,0,0][#,0,0,0][#,0,0,0][#,0,0,0][#,0,0,0][#,0,0,0][.,0,0,0][.,0,0,0][#,0,0,0][#,0,0,0][#,0,0,0][#,0,0,0][#,0,0,0][.,0,0,0][.,0,0,0][.,0,0,0][.,0,0,0][.,0,0,0][.,0,0,0][.,0,0,0][.,0,0,0][.,0,0,0][.,0,0,0][#,0,0,0][.,0,0,0][.,0,0,0][.,0,0,0][.,0,0,0][.,0,0,0][.,0,0,0][.,0,0,0][<,0,Down Stairs,NewCave1_L2][.,0,0,0][.,0,0,0][.,0,0,0][#,0,0,0][#,0,0,0][#,0,0,0][#,0,0,0][#,0,0,0][#,0,0,0][#,0,0,0][#,0,0,0][#,0,0,0][#,0,0,0][#,0,0,0][#,0,0,0][#,0,0,0][#,0,0,0][#,0,0,0][#,0,0,0][#,0,0,0][#,0,0,0][#,0,0,0][#,0,0,0][#,0,0,0][#,0,0,0][#,0,0,0][#,0,0,0]
[#,0,0,0][#,0,0,0][#,0,0,0][#,0,0,0][#,0,0,0][#,0,0,0][#,0,0,0][#,0,0,0][#,0,0,0][#,0,0,0][#,0,0,0][#,0,0,0][#,0,0,0][.,0,0,0][.,0,0,0][.,0,0,0][.,0,0,0][.,0,0,0][.,0,0,0][.,0,0,0][.,0,0,0][.,0,0,0][.,0,0,0][.,0,0,0][.,0,0,0][.,0,0,0][.,0,0,0][.,0,0,0][.,0,0,0][.,0,0,0][#,0,0,0][.,0,0,0][.,0,0,0][.,0,0,0][.,0,0,0][.,0,0,0][.,0,0,0][.,0,0,0][.,0,0,0][.,0,0,0][.,0,0,0][.,0,0,0][#,0,0,0][#,0,0,0][#,0,0,0][#,0,0,0][#,0,0,0][#,0,0,0][#,0,0,0][#,0,0,0][#,0,0,0][#,0,0,0][#,0,0,0][#,0,0,0][#,0,0,0][#,0,0,0][#,0,0,0][#,0,0,0][#,0,0,0][#,0,0,0][#,0,0,0][#,0,0,0][#,0,0,0][#,0,0,0][#,0,0,0][#,0,0,0]
[#,0,0,0][#,0,0,0][#,0,0,0][#,0,0,0][#,0,0,0][#,0,0,0][#,0,0,0][#,0,0,0][#,0,0,0][#,0,0,0][#,0,0,0][#,0,0,0][#,0,0,0][#,0,0,0][#,0,0,0][#,0,0,0][#,0,0,0][#,0,0,0][#,0,0,0][#,0,0,0][.,0,0,0][.,0,0,0][.,0,0,0][.,0,0,0][.,0,0,0][.,0,0,0][.,0,0,0][.,0,0,0][.,0,0,0][.,0,0,0][#,0,0,0][.,0,0,0][.,0,0,0][.,0,0,0][.,0,0,0][.,0,0,0][.,0,0,0][.,0,0,0][.,0,0,0][.,0,0,0][.,0,0,0][.,0,0,0][#,0,0,0][#,0,0,0][#,0,0,0][#,0,0,0][#,0,0,0][#,0,0,0][#,0,0,0][#,0,0,0][#,0,0,0][#,0,0,0][#,0,0,0][#,0,0,0][#,0,0,0][#,0,0,0][#,0,0,0][#,0,0,0][#,0,0,0][#,0,0,0][#,0,0,0][#,0,0,0][#,0,0,0][#,0,0,0][#,0,0,0][#,0,0,0]
[#,0,0,0][#,0,0,0][#,0,0,0][#,0,0,0][#,0,0,0][#,0,0,0][#,0,0,0][#,0,0,0][#,0,0,0][#,0,0,0][#,0,0,0][#,0,0,0][#,0,0,0][#,0,0,0][#,0,0,0][#,0,0,0][#,0,0,0][#,0,0,0][#,0,0,0][#,0,0,0][.,0,0,0][.,0,0,0][.,0,0,0][.,0,0,0][.,0,0,0][.,0,0,0][.,0,0,0][.,0,0,0][.,0,0,0][.,0,0,0][#,0,0,0][.,0,0,0][.,0,0,0][.,0,0,0][.,0,0,0][.,0,0,0][.,0,0,0][.,0,0,0][.,0,0,0][.,0,0,0][.,0,0,0][.,0,0,0][#,0,0,0][#,0,0,0][#,0,0,0][#,0,0,0][#,0,0,0][#,0,0,0][#,0,0,0][#,0,0,0][#,0,0,0][#,0,0,0][#,0,0,0][#,0,0,0][#,0,0,0][#,0,0,0][#,0,0,0][#,0,0,0][#,0,0,0][#,0,0,0][#,0,0,0][#,0,0,0][#,0,0,0][#,0,0,0][#,0,0,0][#,0,0,0]
[#,0,0,0][#,0,0,0][#,0,0,0][#,0,0,0][#,0,0,0][#,0,0,0][#,0,0,0][#,0,0,0][#,0,0,0][#,0,0,0][#,0,0,0][#,0,0,0][#,0,0,0][#,0,0,0][#,0,0,0][#,0,0,0][#,0,0,0][#,0,0,0][#,0,0,0][#,0,0,0][#,0,0,0][#,0,0,0][#,0,0,0][#,0,0,0][.,0,0,0][#,0,0,0][#,0,0,0][#,0,0,0][#,0,0,0][#,0,0,0][#,0,0,0][.,0,0,0][.,0,0,0][.,0,0,0][.,0,0,0][.,0,0,0][.,0,0,0][.,0,0,0][.,0,0,0][.,0,0,0][.,0,0,0][.,0,0,0][#,0,0,0][#,0,0,0][#,0,0,0][#,0,0,0][#,0,0,0][#,0,0,0][#,0,0,0][#,0,0,0][#,0,0,0][#,0,0,0][#,0,0,0][#,0,0,0][#,0,0,0][#,0,0,0][#,0,0,0][#,0,0,0][#,0,0,0][#,0,0,0][#,0,0,0][#,0,0,0][#,0,0,0][#,0,0,0][#,0,0,0][#,0,0,0]
[#,0,0,0][#,0,0,0][#,0,0,0][#,0,0,0][#,0,0,0][#,0,0,0][#,0,0,0][#,0,0,0][#,0,0,0][#,0,0,0][#,0,0,0][#,0,0,0][#,0,0,0][#,0,0,0][#,0,0,0][#,0,0,0][#,0,0,0][#,0,0,0][#,0,0,0][#,0,0,0][#,0,0,0][#,0,0,0][#,0,0,0][#,0,0,0][.,0,0,0][#,0,0,0][#,0,0,0][#,0,0,0][#,0,0,0][#,0,0,0][#,0,0,0][#,0,0,0][#,0,0,0][#,0,0,0][#,0,0,0][#,0,0,0][.,0,0,0][#,0,0,0][#,0,0,0][#,0,0,0][#,0,0,0][#,0,0,0][#,0,0,0][#,0,0,0][#,0,0,0][#,0,0,0][#,0,0,0][#,0,0,0][#,0,0,0][#,0,0,0][#,0,0,0][#,0,0,0][#,0,0,0][#,0,0,0][#,0,0,0][#,0,0,0][#,0,0,0][#,0,0,0][#,0,0,0][#,0,0,0][#,0,0,0][#,0,0,0][#,0,0,0][#,0,0,0][#,0,0,0][#,0,0,0]
[#,0,0,0][#,0,0,0][#,0,0,0][#,0,0,0][#,0,0,0][#,0,0,0][#,0,0,0][#,0,0,0][#,0,0,0][#,0,0,0][#,0,0,0][#,0,0,0][#,0,0,0][#,0,0,0][#,0,0,0][#,0,0,0][#,0,0,0][#,0,0,0][#,0,0,0][#,0,0,0][#,0,0,0][#,0,0,0][#,0,0,0][#,0,0,0][.,0,0,0][.,0,0,0][.,0,0,0][.,0,0,0][.,0,0,0][.,0,0,0][.,0,0,0][.,0,0,0][.,0,0,0][.,0,0,0][.,0,0,0][.,0,0,0][.,0,0,0][#,0,0,0][#,0,0,0][#,0,0,0][#,0,0,0][#,0,0,0][#,0,0,0][#,0,0,0][#,0,0,0][#,0,0,0][#,0,0,0][#,0,0,0][#,0,0,0][#,0,0,0][#,0,0,0][#,0,0,0][#,0,0,0][#,0,0,0][#,0,0,0][#,0,0,0][#,0,0,0][#,0,0,0][#,0,0,0][#,0,0,0][#,0,0,0][#,0,0,0][#,0,0,0][#,0,0,0][#,0,0,0][#,0,0,0]
[#,0,0,0][#,0,0,0][#,0,0,0][#,0,0,0][#,0,0,0][#,0,0,0][#,0,0,0][#,0,0,0][#,0,0,0][#,0,0,0][#,0,0,0][#,0,0,0][#,0,0,0][#,0,0,0][#,0,0,0][#,0,0,0][#,0,0,0][#,0,0,0][#,0,0,0][#,0,0,0][#,0,0,0][#,0,0,0][#,0,0,0][#,0,0,0][#,0,0,0][#,0,0,0][#,0,0,0][#,0,0,0][#,0,0,0][#,0,0,0][#,0,0,0][#,0,0,0][#,0,0,0][#,0,0,0][#,0,0,0][#,0,0,0][#,0,0,0][#,0,0,0][#,0,0,0][#,0,0,0][#,0,0,0][#,0,0,0][#,0,0,0][#,0,0,0][#,0,0,0][#,0,0,0][#,0,0,0][#,0,0,0][#,0,0,0][#,0,0,0][#,0,0,0][#,0,0,0][#,0,0,0][#,0,0,0][#,0,0,0][#,0,0,0][#,0,0,0][#,0,0,0][#,0,0,0][#,0,0,0][#,0,0,0][#,0,0,0][#,0,0,0][#,0,0,0][#,0,0,0][#,0,0,0]
[#,0,0,0][#,0,0,0][#,0,0,0][#,0,0,0][#,0,0,0][#,0,0,0][#,0,0,0][#,0,0,0][#,0,0,0][#,0,0,0][#,0,0,0][#,0,0,0][#,0,0,0][#,0,0,0][#,0,0,0][#,0,0,0][#,0,0,0][#,0,0,0][#,0,0,0][#,0,0,0][#,0,0,0][#,0,0,0][#,0,0,0][#,0,0,0][#,0,0,0][#,0,0,0][#,0,0,0][#,0,0,0][#,0,0,0][#,0,0,0][#,0,0,0][#,0,0,0][#,0,0,0][#,0,0,0][#,0,0,0][#,0,0,0][#,0,0,0][#,0,0,0][#,0,0,0][#,0,0,0][#,0,0,0][#,0,0,0][#,0,0,0][#,0,0,0][#,0,0,0][#,0,0,0][#,0,0,0][#,0,0,0][#,0,0,0][#,0,0,0][#,0,0,0][#,0,0,0][#,0,0,0][#,0,0,0][#,0,0,0][#,0,0,0][#,0,0,0][#,0,0,0][#,0,0,0][#,0,0,0][#,0,0,0][#,0,0,0][#,0,0,0][#,0,0,0][#,0,0,0][#,0,0,0]
[#,0,0,0][#,0,0,0][#,0,0,0][#,0,0,0][#,0,0,0][#,0,0,0][#,0,0,0][#,0,0,0][#,0,0,0][#,0,0,0][#,0,0,0][#,0,0,0][#,0,0,0][#,0,0,0][#,0,0,0][#,0,0,0][#,0,0,0][#,0,0,0][#,0,0,0][#,0,0,0][#,0,0,0][#,0,0,0][#,0,0,0][#,0,0,0][#,0,0,0][#,0,0,0][#,0,0,0][#,0,0,0][#,0,0,0][#,0,0,0][#,0,0,0][#,0,0,0][#,0,0,0][#,0,0,0][#,0,0,0][#,0,0,0][#,0,0,0][#,0,0,0][#,0,0,0][#,0,0,0][#,0,0,0][#,0,0,0][#,0,0,0][#,0,0,0][#,0,0,0][#,0,0,0][#,0,0,0][#,0,0,0][#,0,0,0][#,0,0,0][#,0,0,0][#,0,0,0][#,0,0,0][#,0,0,0][#,0,0,0][#,0,0,0][#,0,0,0][#,0,0,0][#,0,0,0][#,0,0,0][#,0,0,0][#,0,0,0][#,0,0,0][#,0,0,0][#,0,0,0][#,0,0,0]
[#,0,0,0][#,0,0,0][#,0,0,0][#,0,0,0][#,0,0,0][#,0,0,0][#,0,0,0][#,0,0,0][#,0,0,0][#,0,0,0][#,0,0,0][#,0,0,0][#,0,0,0][#,0,0,0][#,0,0,0][#,0,0,0][#,0,0,0][#,0,0,0][#,0,0,0][#,0,0,0][#,0,0,0][#,0,0,0][#,0,0,0][#,0,0,0][#,0,0,0][#,0,0,0][#,0,0,0][#,0,0,0][#,0,0,0][#,0,0,0][#,0,0,0][#,0,0,0][#,0,0,0][#,0,0,0][#,0,0,0][#,0,0,0][#,0,0,0][#,0,0,0][#,0,0,0][#,0,0,0][#,0,0,0][#,0,0,0][#,0,0,0][#,0,0,0][#,0,0,0][#,0,0,0][#,0,0,0][#,0,0,0][#,0,0,0][#,0,0,0][#,0,0,0][#,0,0,0][#,0,0,0][#,0,0,0][#,0,0,0][#,0,0,0][#,0,0,0][#,0,0,0][#,0,0,0][#,0,0,0][#,0,0,0][#,0,0,0][#,0,0,0][#,0,0,0][#,0,0,0][#,0,0,0]