NewTown1
Town
[M,0,0,0][M,0,0,0][M,0,0,0][M,0,0,0][M,0,0,0][M,0,0,0][M,0,0,0][M,0,0,0][M,0,0,0][M,0,0,0][M,0,0,0][M,0,0,0][M,0,0,0][M,0,0,0][M,0,0,0][M,0,0,0][M,0,0,0][M,0,0,0][M,0,0,0][M,0,0,0][M,0,0,0][M,0,0,0][M,0,0,0][M,0,0,0][M,0,0,0][M,0,0,0][M,0,0,0][M,0,0,0][M,0,0,0][M,0,0,0][M,0,0,0][M,0,0,0][M,0,0,0][M,0,0,0][M,0,0,0][M,0,0,0][M,0,0,0][M,0,0,0][M,0,0,0][M,0,0,0][M,0,0,0][M,0,0,0][M,0,0,0][M,0,0,0][M,0,0,0][M,0,0,0][M,0,0,0][M,0,0,0][M,0,0,0][M,0,0,0][M,0,0,0][M,0,0,0][M,0,0,0][M,0,0,0][M,0,0,0][M,0,0,0][M,0,0,0][M,0,0,0][M,0,0,0][M,0,0,0][M,0,0,0][M,0,0,0][M,0,0,0][M,0,0,0][M,0,0,0][M,0,0,0]
[M,0,0,0][M,0,0,0][M,0,0,0][M,0,0,0][M,0,0,0][M,0,0,0][.,0,0,0][.,0,0,0][.,0,0,0][.,0,0,0][.,0,0,0][.,0,0,0][.,0,0,0][.,0,0,0][.,0,0,0][.,0,0,0][.,0,0,0][.,0,0,0][.,0,0,0][.,0,0,0][.,0,0,0][.,0,0,0][.,0,0,0][.,0,0,0][.,0,0,0][.,0,0,0][.,0,0,0][M,0,0,0][.,0,EntranceExit,0][M,0,0,0][.,0,0,0][.,0,0,0][.,0,0,0][.,0,0,0][.,0,0,0][.,0,0,0][.,0,0,0][.,0,0,0][.,0,0,0][.,0,0,0][.,0,0,0][.,0,0,0][.,0,0,0][.,0,0,0][.,0,0,0][.,0,0,0][.,0,0,0][.,0,0,0][.,0,0,0][.,0,0,0][.,0,0,0][.,0,0,0][.,0,0,0][.,0,0,0][.,0,0,0][.,0,0,0][.,0,0,0][.,0,0,0][.,0,0,0][.,0,0,0][.,0,0,0][.,0,0,0][.,0,0,0][.,0,0,0][.,0,0,0][M,0,0,0]
[M,0,0,0][M,0,0,0][M,0,0,0][M,0,0,0][.,0,0,0][.,0,0,0][.,0,0,0][.,0,0,0][.,0,0,0][.,0,0,0][.,0,0,0][.,0,0,0][.,0,0,0][.,0,0,0][.,0,0,0][.,0,0,0][.,0,0,0][.,0,0,0][.,0,0,0][.,0,0,0][.,0,0,0][.,0,0,0][.,0,0,0][.,0,0,0][.,0,0,0][.,0,0,0][.,0,0,0][M,0,0,0][.,0,0,0][M,0,0,0][M,0,0,0][.,0,0,0][.,0,0,0][.,0,0,0][.,0,0,0][.,0,0,0][.,0,0,0][.,0,0,0][.,0,0,0][.,0,0,0][.,0,0,0][.,0,0,0][.,0,0,0][.,0,0,0][.,0,0,0][.,0,0,0][.,0,0,0][.,0,0,0][.,0,0,0][.,0,0,0][.,0,0,0][.,0,0,0][.,0,0,0][.,0,0,0][.,0,0,0][.,0,0,0][.,0,0,0][.,0,0,0][.,0,0,0][.,0,0,0][.,0,0,0][.,0,0,0][.,0,0,0][.,0,0,0][.,0,0,0][M,0,0,0]
[M,0,0,0][M,0,0,0][M,0,0,0][.,0,0,0][.,0,0,0][.,0,0,0][.,0,0,0][.,0,0,0][.,0,0,0][.,0,0,0][.,0,0,0][.,0,0,0][.,0,0,0][.,0,0,0][.,0,0,0][.,0,0,0][.,0,0,0][.,0,0,0][.,0,0,0][.,0,0,0][.,0,0,0][.,0,0,0][.,0,0,0][.,0,0,0][.,0,0,0][.,0,0,0][.,0,0,0][.,0,0,0][.,0,0,0][.,0,0,0][.,0,0,0][.,0,0,0][.,0,0,0][.,0,0,0][.,0,0,0][.,0,0,0][.,0,0,0][.,0,0,0][.,0,0,0][.,0,0,0][.,0,0,0][.,0,0,0][.,0,0,0][.,0,0,0][.,0,0,0][.,0,0,0][.,0,0,0][.,0,0,0][.,0,0,0][.,0,0,0][.,0,0,0][.,0,0,0][.,0,0,0][.,0,0,0][.,0,0,0][.,0,0,0][.,0,0,0][.,0,0,0][.,0,0,0][.,0,0,0][.,0,0,0][.,0,0,0][.,0,0,0][.,0,0,0][.,0,0,0][M,0,0,0]
[M,0,0,0][.,0,0,0][.,0,0,0][.,0,0,0][.,0,0,0][.,0,0,0][.,0,0,0][.,0,0,0][.,0,0,0][.,0,0,0][.,0,0,0][.,0,0,0][.,0,0,0][.,0,0,0][.,0,0,0][.,0,0,0][.,0,0,0][.,0,0,0][.,0,0,0][.,0,0,0][.,0,0,0][.,0,0,0][.,0,0,0][.,0,0,0][.,0,0,0][.,0,0,0][.,0,0,0][.,0,0,0][.,0,0,0][.,0,0,0][.,0,0,0][.,0,0,0][.,0,0,0][.,0,0,0][.,0,0,0][.,0,0,0][.,0,0,0][.,0,0,0][.,0,0,0][.,0,0,0][.,0,0,0][.,0,0,0][.,0,0,0][.,0,0,0][.,0,0,0][.,0,0,0][.,0,0,0][.,0,0,0][.,0,0,0][.,0,0,0][.,0,0,0][.,0,0,0][.,0,0,0][.,0,0,0][.,0,0,0][.,0,0,0][.,0,0,0][.,0,0,0][.,0,0,0][.,0,0,0][.,0,0,0][.,0,0,0][.,0,0,0][.,0,0,0][.,0,0,0][M,0,0,0]
[M,0,0,0][.,0,0,0][.,0,0,0][.,0,0,0][.,0,0,0][.,0,0,0][.,0,0,0][.,0,0,0][.,0,0,0][.,0,0,0][.,0,0,0][.,0,0,0][.,0,0,0][.,0,0,0][.,0,0,0][.,0,0,0][.,0,0,0][.,0,0,0][.,0,0,0][.,0,0,0][.,0,0,0][.,0,0,0][.,0,0,0][.,0,0,0][.,0,0,0][.,0,0,0][.,0,0,0][.,0,0,0][.,0,0,0][.,0,0,0][.,0,0,0][.,0,0,0][.,0,0,0][.,0,0,0][.,0,0,0][.,0,0,0][#,0,0,0][#,0,0,0][#,0,0,0][#,0,0,0][#,0,0,0][#,0,0,0][#,0,0,0][#,0,0,0][.,0,0,0][.,0,0,0][.,0,0,0][.,0,0,0][.,0,0,0][.,0,0,0][.,0,0,0][.,0,0,0][.,0,0,0][.,0,0,0][.,0,0,0][.,0,0,0][.,0,0,0][.,0,0,0][.,0,0,0][.,0,0,0][.,0,0,0][.,0,0,0][.,0,0,0][.,0,0,0][.,0,0,0][M,0,0,0]
[M,0,0,0][.,0,0,0][.,0,0,0][.,0,0,0][.,0,0,0][.,0,0,0][.,0,0,0][.,0,0,0][.,0,0,0][.,0,0,0][.,0,0,0][.,0,0,0][.,0,0,0][.,0,0,0][.,0,0,0][.,0,0,0][.,0,0,0][.,0,0,0][.,0,0,0][.,0,0,0][.,0,0,0][.,0,0,0][.,0,0,0][.,0,0,0][.,0,0,0][.,0,0,0][.,0,0,0][.,0,0,0][.,0,0,0][.,0,0,0][.,0,0,0][.,0,0,0][.,0,0,0][.,0,0,0][.,0,0,0][.,0,0,0][#,0,0,0][.,0,0,0][.,0,0,0][.,0,0,0][.,0,0,0][.,0,0,0][.,0,0,0][#,0,0,0][.,0,0,0][.,0,0,0][.,0,0,0][.,0,0,0][.,0,0,0][.,0,0,0][.,0,0,0][.,0,0,0][.,0,0,0][.,0,0,0][.,0,0,0][.,0,0,0][.,0,0,0][.,0,0,0][.,0,0,0][.,0,0,0][.,0,0,0][.,0,0,0][.,0,0,0][.,0,0,0][.,0,0,0][M,0,0,0]
[M,0,0,0][M,0,0,0][.,0,0,0][.,0,0,0][.,0,0,0][.,0,0,0][.,0,0,0][.,0,0,0][.,0,0,0][.,0,0,0][.,0,0,0][.,0,0,0][.,0,0,0][.,0,0,0][.,0,0,0][.,0,0,0][.,0,0,0][.,0,0,0][.,0,0,0][.,0,0,0][.,0,0,0][.,0,0,0][.,0,0,0][.,0,0,0][.,0,0,0][.,0,0,0][.,0,0,0][.,0,0,0][.,0,0,0][.,0,0,0][.,0,0,0][.,0,0,0][.,0,0,0][.,0,0,0][.,0,0,0][.,0,0,0][#,0,0,0][.,0,0,0][.,0,0,0][.,0,0,0][.,0,0,0][.,0,0,0][.,0,0,0][#,0,0,0][.,0,0,0][.,0,0,0][.,0,0,0][.,0,0,0][.,0,0,0][.,0,0,0][.,0,0,0][.,0,0,0][.,0,0,0][.,0,0,0][.,0,0,0][.,0,0,0][.,0,0,0][.,0,0,0][.,0,0,0][.,0,0,0][.,0,0,0][.,0,0,0][.,0,0,0][.,0,0,0][.,0,0,0][M,0,0,0]
[M,0,0,0][M,0,0,0][M,0,0,0][.,0,0,0][.,0,0,0][.,0,0,0][.,0,0,0][.,0,0,0][.,0,0,0][.,0,0,0][.,0,0,0][.,0,0,0][.,0,0,0][M,0,0,0][M,0,0,0][M,0,0,0][M,0,0,0][.,0,0,0][.,0,0,0][.,0,0,0][.,0,0,0][.,0,0,0][.,0,0,0][.,0,0,0][.,0,0,0][.,0,0,0][.,0,0,0][.,0,0,0][.,0,0,0][.,0,0,0][.,0,0,0][.,0,0,0][.,0,0,0][.,0,0,0][.,0,0,0][.,0,0,0][.,0,0,0][.,0,0,0][.,0,0,0][.,0,0,0][.,0,0,0][.,0,0,0][.,0,0,0][#,0,0,0][.,0,0,0][.,0,0,0][.,0,0,0][#,0,0,0][#,0,0,0][#,0,0,0][#,0,0,0][#,0,0,0][#,0,0,0][.,0,0,0][.,0,0,0][.,0,0,0][.,0,0,0][.,0,0,0][.,0,0,0][.,0,0,0][.,0,0,0][.,0,0,0][.,0,0,0][.,0,0,0][.,0,0,0][M,0,0,0]
[M,0,0,0][M,0,0,0][M,0,0,0][.,0,0,0][.,0,0,0][.,0,0,0][.,0,0,0][.,0,0,0][.,0,0,0][M,0,0,0][M,0,0,0][M,0,0,0][M,0,0,0][M,0,0,0][.,0,0,0][C,0,Cave,NewCave1][M,0,0,0][M,0,0,0][.,0,0,0][.,0,0,0][.,0,0,0][.,0,0,0][.,0,0,0][.,0,0,0][.,0,0,0][.,0,0,0][.,0,0,0][.,0,0,0][.,0,0,0][.,0,0,0][.,0,0,0][.,0,0,0][.,0,0,0][.,0,0,0][.,0,0,0][.,0,0,0][#,0,0,0][#,0,0,0][#,0,0,0][#,0,0,0][#,0,0,0][#,0,0,0][#,0,0,0][#,0,0,0][.,0,0,0][.,0,0,0][.,0,0,0][#,0,0,0][.,0,0,0][.,0,0,0][.,0,0,0][.,0,0,0][#,0,0,0][.,0,0,0][.,0,0,0][.,0,0,0][.,0,0,0][.,0,0,0][.,0,0,0][.,0,0,0][.,0,0,0][.,0,0,0][.,0,0,0][.,0,0,0][.,0,0,0][M,0,0,0]
[M,0,0,0][M,0,0,0][.,0,0,0][.,0,0,0][.,0,0,0][.,0,0,0][.,0,0,0][.,0,0,0][.,0,0,0][.,0,0,0][.,0,0,0][.,0,0,0][.,0,0,0][.,0,0,0][.,0,0,0][.,0,0,0][M,0,0,0][M,0,0,0][.,0,0,0][.,0,0,0][.,0,0,0][.,0,0,0][.,0,0,0][.,0,0,0][.,0,0,0][.,0,0,0][.,0,0,0][.,0,0,0][.,0,0,0][.,0,0,0][.,0,0,0][.,0,0,0][.,0,0,0][.,0,0,0][.,0,0,0][.,0,0,0][.,0,0,0][.,0,0,0][.,0,0,0][.,0,0,0][.,0,0,0][.,0,0,0][.,0,0,0][.,0,0,0][.,0,0,0][.,0,0,0][.,0,0,0][#,0,0,0][.,0,0,0][.,0,0,0][.,0,0,0][.,0,0,0][#,0,0,0][.,0,0,0][.,0,0,0][.,0,0,0][.,0,0,0][.,0,0,0][.,0,0,0][.,0,0,0][.,0,0,0][.,0,0,0][.,0,0,0][.,0,0,0][.,0,0,0][M,0,0,0]
[M,0,0,0][.,0,0,0][.,0,0,0][.,0,0,0][.,0,0,0][.,0,0,0][.,0,0,0][.,0,0,0][.,0,0,0][M,0,0,0][M,0,0,0][M,0,0,0][M,0,0,0][M,0,0,0][M,0,0,0][M,0,0,0][M,0,0,0][.,0,0,0][.,0,0,0][.,0,0,0][.,0,0,0][.,0,0,0][.,0,0,0][.,0,0,0][.,0,0,0][.,0,0,0][.,0,0,0][.,0,0,0][.,0,0,0][.,0,0,0][.,0,0,0][.,0,0,0][.,0,0,0][.,0,0,0][.,0,0,0][.,0,0,0][.,0,0,0][.,0,0,0][.,0,0,0][.,0,0,0][.,0,0,0][.,0,0,0][.,0,0,0][.,0,0,0][.,0,0,0][.,0,0,0][.,0,0,0][#,0,0,0][.,0,0,0][.,0,0,0][.,0,0,0][.,0,0,0][#,0,0,0][.,0,0,0][.,0,0,0][.,0,0,0][.,0,0,0][.,0,0,0][.,0,0,0][.,0,0,0][.,0,0,0][.,0,0,0][.,0,0,0][.,0,0,0][.,0,0,0][M,0,0,0]
[M,0,0,0][.,0,0,0][.,0,0,0][.,0,0,0][.,0,0,0][.,0,0,0][.,0,0,0][.,0,0,0][.,0,0,0][.,0,0,0][.,0,0,0][.,0,0,0][.,0,0,0][.,0,0,0][.,0,0,0][.,0,0,0][.,0,0,0][.,0,0,0][.,0,0,0][.,0,0,0][.,0,0,0][.,0,0,0][.,0,0,0][.,0,0,0][.,0,0,0][.,0,0,0][.,0,0,0][.,0,0,0][.,0,0,0][.,0,0,0][.,0,0,0][.,0,0,0][.,0,0,0][.,0,0,0][.,0,0,0][.,0,0,0][#,0,0,0][#,0,0,0][#,0,0,0][#,0,0,0][#,0,0,0][.,0,0,0][#,0,0,0][#,0,0,0][#,0,0,0][#,0,0,0][#,0,0,0][#,0,0,0][.,0,0,0][.,0,0,0][.,0,0,0][.,0,0,0][#,0,0,0][.,0,0,0][.,0,0,0][.,0,0,0][.,0,0,0][.,0,0,0][.,0,0,0][.,0,0,0][.,0,0,0][.,0,0,0][.,0,0,0][.,0,0,0][.,0,0,0][M,0,0,0]
[M,0,0,0][.,0,0,0][.,0,0,0][.,0,0,0][.,0,0,0][.,0,0,0][.,0,0,0][.,0,0,0][.,0,0,0][.,0,0,0][.,0,0,0][.,0,0,0][.,0,0,0][.,0,0,0][.,0,0,0][.,0,0,0][.,0,0,0][.,0,0,0][.,0,0,0][.,0,0,0][.,0,0,0][.,0,0,0][.,0,0,0][.,0,0,0][.,0,0,0][.,0,0,0][.,0,0,0][.,0,0,0][.,0,0,0][.,0,0,0][.,0,0,0][.,0,0,0][.,0,0,0][.,0,0,0][.,0,0,0][.,0,0,0][#,0,0,0][.,0,0,0][.,0,0,0][.,0,0,0][.,0,0,0][.,0,0,0][.,0,0,0][.,0,0,0][.,0,0,0][.,0,0,0][.,0,0,0][.,0,0,0][.,0,0,0][.,0,0,0][.,0,0,0][.,0,0,0][#,0,0,0][.,0,0,0][.,0,0,0][.,0,0,0][.,0,0,0][.,0,0,0][.,0,0,0][.,0,0,0][.,0,0,0][.,0,0,0][.,0,0,0][.,0,0,0][.,0,0,0][M,0,0,0]
[M,0,0,0][.,0,0,0][.,0,0,0][.,0,0,0][.,0,0,0][.,0,0,0][.,0,0,0][.,0,0,0][.,0,0,0][.,0,0,0][.,0,0,0][.,0,0,0][.,0,0,0][.,0,0,0][.,0,0,0][.,0,0,0][.,0,0,0][.,0,0,0][.,0,0,0][.,0,0,0][.,0,0,0][.,0,0,0][.,0,0,0][.,0,0,0][.,0,0,0][.,0,0,0][.,0,0,0][.,0,0,0][.,0,0,0][.,0,0,0][.,0,0,0][.,0,0,0][.,0,0,0][.,0,0,0][.,0,0,0][.,0,0,0][#,0,0,0][.,0,0,0][.,0,0,0][.,0,0,0][.,0,0,0][.,0,0,0][.,0,0,0][.,0,0,0][.,0,0,0][.,0,0,0][.,0,0,0][.,0,0,0][.,0,0,0][.,0,0,0][.,0,0,0][.,0,0,0][#,0,0,0][.,0,0,0][.,0,0,0][.,0,0,0][.,0,0,0][.,0,0,0][.,0,0,0][.,0,0,0][.,0,0,0][.,0,0,0][.,0,0,0][.,0,0,0][.,0,0,0][M,0,0,0]
[M,0,0,0][.,0,0,0][.,0,0,0][.,0,0,0][.,0,0,0][.,0,0,0][.,0,0,0][.,0,0,0][.,0,0,0][.,0,0,0][.,0,0,0][.,0,0,0][.,0,0,0][.,0,0,0][.,0,0,0][.,0,0,0][.,0,0,0][.,0,0,0][.,0,0,0][.,0,0,0][.,0,0,0][.,0,0,0][.,0,0,0][.,0,0,0][.,0,0,0][.,0,0,0][.,0,0,0][.,0,0,0][.,0,0,0][.,0,0,0][.,0,0,0][.,0,0,0][.,0,0,0][.,0,0,0][.,0,0,0][.,0,0,0][#,0,0,0][#,0,0,0][#,0,0,0][#,0,0,0][#,0,0,0][#,0,0,0][#,0,0,0][#,0,0,0][#,0,0,0][#,0,0,0][#,0,0,0][#,0,0,0][#,0,0,0][#,0,0,0][#,0,0,0][.,0,0,0][#,0,0,0][.,0,0,0][.,0,0,0][.,0,0,0][.,0,0,0][.,0,0,0][.,0,0,0][.,0,0,0][.,0,0,0][.,0,0,0][.,0,0,0][.,0,0,0][.,0,0,0][M,0,0,0]
[M,0,0,0][.,0,0,0][.,0,0,0][.,0,0,0][.,0,0,0][.,0,0,0][.,0,0,0][.,0,0,0][.,0,0,0][.,0,0,0][.,0,0,0][.,0,0,0][.,0,0,0][.,0,0,0][.,0,0,0][.,0,0,0][.,0,0,0][.,0,0,0][.,0,0,0][.,0,0,0][.,0,0,0][.,0,0,0][.,0,0,0][.,0,0,0][.,0,0,0][.,0,0,0][.,0,0,0][.,0,0,0][.,0,0,0][.,0,0,0][.,0,0,0][.,0,0,0][.,0,0,0][.,0,0,0][.,0,0,0][.,0,0,0][.,0,0,0][.,0,0,0][.,0,0,0][.,0,0,0][.,0,0,0][.,0,0,0][.,0,0,0][.,0,0,0][.,0,0,0][.,0,0,0][.,0,0,0][.,0,0,0][.,0,0,0][.,0,0,0][.,0,0,0][.,0,0,0][.,0,0,0][.,0,0,0][.,0,0,0][.,0,0,0][.,0,0,0][.,0,0,0][.,0,0,0][.,0,0,0][.,0,0,0][.,0,0,0][.,0,0,0][.,0,0,0][.,0,0,0][M,0,0,0]
[M,0,0,0][.,0,0,0][.,0,0,0][.,0,0,0][.,0,0,0][.,0,0,0][.,0,0,0][.,0,0,0][.,0,0,0][.,0,0,0][.,0,0,0][.,0,0,0][.,0,0,0][.,0,0,0][.,0,0,0][.,0,0,0][.,0,0,0][.,0,0,0][.,0,0,0][.,0,0,0][.,0,0,0][.,0,0,0][.,0,0,0][.,0,0,0][.,0,0,0][.,0,0,0][.,0,0,0][.,0,0,0][.,0,0,0][.,0,0,0][.,0,0,0][.,0,0,0][.,0,0,0][.,0,0,0][.,0,0,0][.,0,0,0][.,0,0,0][.,0,0,0][.,0,0,0][.,0,0,0][.,0,0,0][.,0,0,0][.,0,0,0][.,0,0,0][.,0,0,0][.,0,0,0][.,0,0,0][.,0,0,0][.,0,0,0][.,0,0,0][.,0,0,0][.,0,0,0][.,0,0,0][.,0,0,0][.,0,0,0][.,0,0,0][.,0,0,0][.,0,0,0][.,0,0,0][.,0,0,0][.,0,0,0][.,0,0,0][.,0,0,0][.,0,0,0][.,0,0,0][M,0,0,0]
[M,0,0,0][M,0,0,0][M,0,0,0][M,0,0,0][.,0,0,0][.,0,0,0][.,0,0,0][.,0,0,0][.,0,0,0][.,0,0,0][.,0,0,0][.,0,0,0][.,0,0,0][.,0,0,0][.,0,0,0][.,0,0,0][.,0,0,0][.,0,0,0][.,0,0,0][.,0,0,0][.,0,0,0][.,0,0,0][.,0,0,0][.,0,0,0][.,0,0,0][.,0,0,0][.,0,0,0][.,0,0,0][.,0,0,0][.,0,0,0][.,0,0,0][.,0,0,0][.,0,0,0][.,0,0,0][.,0,0,0][.,0,0,0][.,0,0,0][.,0,0,0][.,0,0,0][.,0,0,0][.,0,0,0][.,0,0,0][.,0,0,0][.,0,0,0][.,0,0,0][.,0,0,0][.,0,0,0][.,0,0,0][.,0,0,0][.,0,0,0][.,0,0,0][.,0,0,0][.,0,0,0][.,0,0,0][.,0,0,0][.,0,0,0][.,0,0,0][.,0,0,0][.,0,0,0][.,0,0,0][.,0,0,0][.,0,0,0][.,0,0,0][.,0,0,0][.,0,0,0][M,0,0,0]
[M,0,0,0][M,0,0,0][M,0,0,0][.,0,0,0][.,0,0,0][.,0,0,0][.,0,0,0][.,0,0,0][.,0,0,0][.,0,0,0][.,0,0,0][.,0,0,0][.,0,0,0][.,0,0,0][.,0,0,0][.,0,0,0][.,0,0,0][.,0,0,0][.,0,0,0][.,0,0,0][.,0,0,0][.,0,0,0][.,0,0,0][.,0,0,0][.,0,0,0][.,0,0,0][.,0,0,0][.,0,0,0][.,0,0,0][.,0,0,0][.,0,0,0][.,0,0,0][.,0,0,0][.,0,0,0][.,0,0,0][.,0,0,0][.,0,0,0][.,0,0,0][.,0,0,0][.,0,0,0][.,0,0,0][.,0,0,0][.,0,0,0][.,0,0,0][.,0,0,0][.,0,0,0][.,0,0,0][.,0,0,0][.,0,0,0][.,0,0,0][.,0,0,0][.,0,0,0][.,0,0,0][.,0,0,0][.,0,0,0][.,0,0,0][.,0,0,0][.,0,0,0][.,0,0,0][.,0,0,0][.,0,0,0][.,0,0,0][.,0,0,0][.,0,0,0][.,0,0,0][M,0,0,0]
[M,0,0,0][M,0,0,0][M,0,0,0][M,0,0,0][.,0,0,0][.,0,0,0][.,0,0,0][.,0,0,0][.,0,0,0][.,0,0,0][.,0,0,0][.,0,0,0][.,0,0,0][.,0,0,0][.,0,0,0][.,0,0,0][.,0,0,0][.,0,0,0][.,0,0,0][.,0,0,0][.,0,0,0][.,0,0,0][.,0,0,0][.,0,0,0][.,0,0,0][.,0,0,0][.,0,0,0][.,0,0,0][.,0,0,0][.,0,0,0][.,0,0,0][.,0,0,0][.,0,0,0][.,0,0,0][.,0,0,0][.,0,0,0][.,0,0,0][.,0,0,0][.,0,0,0][.,0,0,0][.,0,0,0][.,0,0,0][.,0,0,0][.,0,0,0][.,0,0,0][.,0,0,0][.,0,0,0][.,0,0,0][.,0,0,0][.,0,0,0][.,0,0,0][.,0,0,0][.,0,0,0][.,0,0,0][.,0,0,0][.,0,0,0][.,0,0,0][.,0,0,0][.,0,0,0][.,0,0,0][.,0,0,0][.,0,0,0][.,0,0,0][.,0,0,0][.,0,0,0][M,0,0,0]
[M,0,0,0][M,0,0,0][M,0,0,0][M,0,0,0][M,0,0,0][M,0,0,0][M,0,0,0][M,0,0,0][M,0,0,0][M,0,0,0][M,0,0,0][M,0,0,0][M,0,0,0][M,0,0,0][M,0,0,0][M,0,0,0][M,0,0,0][M,0,0,0][M,0,0,0][M,0,0,0][M,0,0,0][M,0,0,0][M,0,0,0][M,0,0,0][M,0,0,0][M,0,0,0][M,0,0,0][M,0,0,0][M,0,0,0][M,0,0,0][M,0,0,0][M,0,0,0][M,0,0,0][M,0,0,0][M,0,0,0][M,0,0,0][M,0,0,0][M,0,0,0][M,0,0,0][M,0,0,0][M,0,0,0][M,0,0,0][M,0,0,0][M,0,0,0][M,0,0,0][M,0,0,0][M,0,0,0][M,0,0,0][M,0,0,0][M,0,0,0][M,0,0,0][M,0,0,0][M,0,0,0][M,0,0,0][M,0,0,0][M,0,0,0][M,0,0,0][M,0,0,0][M,0,0,0][M,0,0,0][M,0,0,0][M,0,0,0][M,0,0,0][M,0,0,0][M,0,0,0][M,0,0,0]