NewCave1_L2
Cave
[#,0,0,0][#,0,0,0][#,0,0,0][#,0,0,0][#,0,0,0][#,0,0,0][#,0,0,0][#,0,0,0][#,0,0,0][#,0,0,0][#,0,0,0][#,0,0,0][#,0,0,0][#,0,0,0][#,0,0,0][#,0,0,0][#,0,0,0][#,0,0,0][#,0,0,0][#,0,0,0][#,0,0,0][#,0,0,0][#,0,0,0][#,0,0,0][#,0,0,0][#,0,0,0][#,0,0,0][#,0,0,0][#,0,0,0][#,0,0,0][#,0,0,0][#,0,0,0][#,0,0,0][#,0,0,0][#,0,0,0][#,0,0,0][#,0,0,0][#,0,0,0][#,0,0,0][#,0,0,0][#,0,0,0][#,0,0,0][#,0,0,0][#,0,0,0][#,0,0,0][#,0,0,0][#,0,0,0][#,0,0,0][#,0,0,0][#,0,0,0][#,0,0,0][#,0,0,0][#,0,0,0][#,0,0,0][#,0,0,0][#,0,0,0][#,0,0,0][#,0,0,0][#,0,0,0][#,0,0,0][#,0,0,0][#,0,0,0][#,0,0,0][#,0,0,0][#,0,0,0][#,0,0,0]
[#,0,0,0][#,0,0,0][#,0,0,0][#,0,0,0][#,0,0,0][#,0,0,0][#,0,0,0][#,0,0,0][#,0,0,0][#,0,0,0][#,0,0,0][#,0,0,0][#,0,0,0][#,0,0,0][#,0,0,0][#,0,0,0][#,0,0,0][#,0,0,0][#,0,0,0][#,0,0,0][#,0,0,0][#,0,0,0][#,0,0,0][#,0,0,0][#,0,0,0][#,0,0,0][#,0,0,0][#,0,0,0][#,0,0,0][#,0,0,0][#,0,0,0][#,0,0,0][#,0,0,0][#,0,0,0][#,0,0,0][#,0,0,0][#,0,0,0][#,0,0,0][#,0,0,0][#,0,0,0][#,0,0,0][#,0,0,0][#,0,0,0][#,0,0,0][#,0,0,0][#,0,0,0][#,0,0,0][#,0,0,0][#,0,0,0][#,0,0,0][#,0,0,0][#,0,0,0][#,0,0,0][#,0,0,0][#,0,0,0][#,0,0,0][#,0,0,0][#,0,0,0][#,0,0,0][#,0,0,0][#,0,0,0][#,0,0,0][#,0,0,0][#,0,0,0][#,0,0,0][#,0,0,0]
[#,0,0,0][#,0,0,0][#,0,0,0][#,0,0,0][#,0,0,0][#,0,0,0][#,0,0,0][#,0,0,0][#,0,0,0][#,0,0,0][#,0,0,0][#,0,0,0][#,0,0,0][#,0,0,0][#,0,0,0][#,0,0,0][#,0,0,0][#,0,0,0][#,0,0,0][#,0,0,0][#,0,0,0][#,0,0,0][#,0,0,0][#,0,0,0][#,0,0,0][#,0,0,0][#,0,0,0][#,0,0,0][#,0,0,0][#,0,0,0][#,0,0,0][#,0,0,0][#,0,0,0][#,0,0,0][#,0,0,0][#,0,0,0][#,0,0,0][#,0,0,0][#,0,0,0][#,0,0,0][#,0,0,0][#,0,0,0][#,0,0,0][#,0,0,0][#,0,0,0][#,0,0,0][#,0,0,0][#,0,0,0][#,0,0,0][#,0,0,0][#,0,0,0][#,0,0,0][#,0,0,0][#,0,0,0][#,0,0,0][#,0,0,0][#,0,0,0][#,0,0,0][#,0,0,0][#,0,0,0][#,0,0,0][#,0,0,0][#,0,0,0][#,0,0,0][#,0,0,0][#,0,0,0]
[#,0,0,0][#,0,0,0][#,0,0,0][#,0,0,0][#,0,0,0][#,0,0,0][#,0,0,0][#,0,0,0][#,0,0,0][#,0,0,0][#,0,0,0][#,0,0,0][#,0,0,0][#,0,0,0][#,0,0,0][#,0,0,0][#,0,0,0][#,0,0,0][#,0,0,0][#,0,0,0][#,0,0,0][#,0,0,0][#,0,0,0][#,0,0,0][#,0,0,0][#,0,0,0][#,0,0,0][#,0,0,0][#,0,0,0][#,0,0,0][#,0,0,0][#,0,0,0][#,0,0,0][#,0,0,0][#,0,0,0][#,0,0,0][#,0,0,0][#,0,0,0][#,0,0,0][#,0,0,0][#,0,0,0][#,0,0,0][#,0,0,0][#,0,0,0][#,0,0,0][#,0,0,0][#,0,0,0][#,0,0,0][#,0,0,0][#,0,0,0][#,0,0,0][#,0,0,0][#,0,0,0][#,0,0,0][#,0,0,0][#,0,0,0][#,0,0,0][#,0,0,0][#,0,0,0][#,0,0,0][#,0,0,0][#,0,0,0][#,0,0,0][#,0,0,0][#,0,0,0][#,0,0,0]
[#,0,0,0][#,0,0,0][#,0,0,0][#,0,0,0][#,0,0,0][#,0,0,0][#,0,0,0][#,0,0,0][#,0,0,0][#,0,0,0][#,0,0,0][#,0,0,0][#,0,0,0][#,0,0,0][#,0,0,0][#,0,0,0][#,0,0,0][#,0,0,0][#,0,0,0][#,0,0,0][#,0,0,0][#,0,0,0][#,0,0,0][#,0,0,0][#,0,0,0][#,0,0,0][#,0,0,0][#,0,0,0][#,0,0,0][#,0,0,0][#,0,0,0][#,0,0,0][#,0,0,0][#,0,0,0][#,0,0,0][#,0,0,0][#,0,0,0][#,0,0,0][#,0,0,0][#,0,0,0][#,0,0,0][#,0,0,0][#,0,0,0][#,0,0,0][#,0,0,0][#,0,0,0][#,0,0,0][#,0,0,0][#,0,0,0][#,0,0,0][#,0,0,0][#,0,0,0][#,0,0,0][#,0,0,0][#,0,0,0][#,0,0,0][#,0,0,0][#,0,0,0][#,0,0,0][#,0,0,0][#,0,0,0][#,0,0,0][#,0,0,0][#,0,0,0][#,0,0,0][#,0,0,0]
[#,0,0,0][#,0,0,0][#,0,0,0][#,0,0,0][#,0,0,0][#,0,0,0][#,0,0,0][#,0,0,0][#,0,0,0][#,0,0,0][#,0,0,0][#,0,0,0][#,0,0,0][#,0,0,0][#,0,0,0][#,0,0,0][#,0,0,0][#,0,0,0][#,0,0,0][#,0,0,0][#,0,0,0][#,0,0,0][#,0,0,0][#,0,0,0][#,0,0,0][#,0,0,0][#,0,0,0][#,0,0,0][#,0,0,0][#,0,0,0][#,0,0,0][#,0,0,0][#,0,0,0][#,0,0,0][#,0,0,0][#,0,0,0][#,0,0,0][#,0,0,0][#,0,0,0][#,0,0,0][#,0,0,0][#,0,0,0][#,0,0,0][#,0,0,0][#,0,0,0][#,0,0,0][#,0,0,0][#,0,0,0][#,0,0,0][#,0,0,0][#,0,0,0][#,0,0,0][#,0,0,0][#,0,0,0][#,0,0,0][#,0,0,0][#,0,0,0][#,0,0,0][#,0,0,0][#,0,0,0][#,0,0,0][#,0,0,0][#,0,0,0][#,0,0,0][#,0,0,0][#,0,0,0]
[#,0,0,0][#,0,0,0][#,0,0,0][#,0,0,0][#,0,0,0][#,0,0,0][#,0,0,0][#,0,0,0][#,0,0,0][#,0,0,0][#,0,0,0][#,0,0,0][#,0,0,0][#,0,0,0][#,0,0,0][#,0,0,0][#,0,0,0][#,0,0,0][#,0,0,0][#,0,0,0][#,0,0,0][#,0,0,0][#,0,0,0][#,0,0,0][#,0,0,0][#,0,0,0][#,0,0,0][#,0,0,0][#,0,0,0][#,0,0,0][#,0,0,0][#,0,0,0][#,0,0,0][#,0,0,0][#,0,0,0][#,0,0,0][#,0,0,0][#,0,0,0][#,0,0,0][#,0,0,0][#,0,0,0][#,0,0,0][#,0,0,0][#,0,0,0][#,0,0,0][.,0,0,0][.,0,0,0][.,0,0,0][.,0,0,0][.,0,0,0][.,0,0,0][.,0,0,0][.,0,0,0][.,0,0,0][.,0,0,0][.,0,0,0][.,0,0,0][#,0,0,0][#,0,0,0][#,0,0,0][#,0,0,0][#,0,0,0][#,0,0,0][#,0,0,0][#,0,0,0][#,0,0,0]
[#,0,0,0][#,0,0,0][#,0,0,0][#,0,0,0][#,0,0,0][#,0,0,0][#,0,0,0][#,0,0,0][#,0,0,0][#,0,0,0][#,0,0,0][#,0,0,0][#,0,0,0][#,0,0,0][#,0,0,0][#,0,0,0][#,0,0,0][#,0,0,0][#,0,0,0][#,0,0,0][#,0,0,0][#,0,0,0][#,0,0,0][#,0,0,0][#,0,0,0][#,0,0,0][#,0,0,0][#,0,0,0][#,0,0,0][#,0,0,0][#,0,0,0][#,0,0,0][#,0,0,0][#,0,0,0][#,0,0,0][#,0,0,0][#,0,0,0][#,0,0,0][#,0,0,0][#,0,0,0][#,0,0,0][#,0,0,0][#,0,0,0][#,0,0,0][#,0,0,0][.,0,0,0][.,0,0,0][.,0,0,0][.,0,0,0][.,0,0,0][.,0,0,0][.,0,0,0][.,0,0,0][.,0,0,0][.,0,0,0][.,0,0,0][.,0,0,0][#,0,0,0][#,0,0,0][#,0,0,0][#,0,0,0][#,0,0,0][#,0,0,0][#,0,0,0][#,0,0,0][#,0,0,0]
[#,0,0,0][#,0,0,0][#,0,0,0][#,0,0,0][#,0,0,0][#,0,0,0][#,0,0,0][#,0,0,0][#,0,0,0][#,0,0,0][#,0,0,0][#,0,0,0][#,0,0,0][#,0,0,0][#,0,0,0][#,0,0,0][#,0,0,0][#,0,0,0][#,0,0,0][#,0,0,0][#,0,0,0][#,0,0,0][#,0,0,0][#,0,0,0][#,0,0,0][#,0,0,0][#,0,0,0][#,0,0,0][#,0,0,0][#,0,0,0][#,0,0,0][#,0,0,0][#,0,0,0][#,0,0,0][#,0,0,0][#,0,0,0][#,0,0,0][#,0,0,0][#,0,0,0][#,0,0,0][#,0,0,0][#,0,0,0][#,0,0,0][#,0,0,0][#,0,0,0][.,0,0,0][.,0,0,0][.,0,0,0][.,0,0,0][.,0,0,0][.,0,0,0][>,0,Up Stairs,0][.,0,0,0][.,0,0,0][.,0,0,0][.,0,0,0][.,0,0,0][#,0,0,0][#,0,0,0][#,0,0,0][#,0,0,0][#,0,0,0][#,0,0,0][#,0,0,0][#,0,0,0][#,0,0,0]
[#,0,0,0][#,0,0,0][#,0,0,0][#,0,0,0][#,0,0,0][#,0,0,0][#,0,0,0][#,0,0,0][#,0,0,0][#,0,0,0][#,0,0,0][#,0,0,0][#,0,0,0][#,0,0,0][#,0,0,0][.,0,0,0][.,0,0,0][.,0,0,0][.,0,0,0][.,0,0,0][.,0,0,0][.,0,0,0][.,0,0,0][.,0,0,0][.,0,0,0][.,0,0,0][.,0,0,0][.,0,0,0][.,0,0,0][.,0,0,0][.,0,0,0][.,0,0,0][.,0,0,0][.,0,0,0][.,0,0,0][.,0,0,0][.,0,0,0][.,0,0,0][.,0,0,0][.,0,0,0][.,0,0,0][.,0,0,0][.,0,0,0][.,0,0,0][.,0,0,0][.,0,0,0][.,0,0,0][.,0,0,0][.,0,0,0][.,0,0,0][.,0,0,0][.,0,0,0][.,0,0,0][.,0,0,0][.,0,0,0][.,0,0,0][.,0,0,0][#,0,0,0][#,0,0,0][#,0,0,0][#,0,0,0][#,0,0,0][#,0,0,0][#,0,0,0][#,0,0,0][#,0,0,0]
[#,0,0,0][#,0,0,0][#,0,0,0][#,0,0,0][#,0,0,0][#,0,0,0][#,0,0,0][#,0,0,0][#,0,0,0][#,0,0,0][#,0,0,0][#,0,0,0][#,0,0,0][#,0,0,0][#,0,0,0][.,0,0,0][#,0,0,0][#,0,0,0][#,0,0,0][#,0,0,0][#,0,0,0][#,0,0,0][#,0,0,0][#,0,0,0][#,0,0,0][#,0,0,0][#,0,0,0][#,0,0,0][#,0,0,0][#,0,0,0][#,0,0,0][#,0,0,0][#,0,0,0][#,0,0,0][#,0,0,0][#,0,0,0][#,0,0,0][#,0,0,0][#,0,0,0][#,0,0,0][#,0,0,0][#,0,0,0][#,0,0,0][#,0,0,0][#,0,0,0][.,0,0,0][.,0,0,0][.,0,0,0][.,0,0,0][.,0,0,0][.,0,0,0][.,0,0,0][.,0,0,0][.,0,0,0][.,0,0,0][.,0,0,0][.,0,0,0][#,0,0,0][#,0,0,0][#,0,0,0][#,0,0,0][#,0,0,0][#,0,0,0][#,0,0,0][#,0,0,0][#,0,0,0]
[#,0,0,0][#,0,0,0][#,0,0,0][#,0,0,0][#,0,0,0][#,0,0,0][#,0,0,0][#,0,0,0][#,0,0,0][#,0,0,0][#,0,0,0][#,0,0,0][#,0,0,0][#,0,0,0][#,0,0,0][.,0,0,0][#,0,0,0][#,0,0,0][#,0,0,0][#,0,0,0][#,0,0,0][#,0,0,0][#,0,0,0][#,0,0,0][#,0,0,0][#,0,0,0][#,0,0,0][#,0,0,0][#,0,0,0][#,0,0,0][#,0,0,0][#,0,0,0][#,0,0,0][#,0,0,0][#,0,0,0][#,0,0,0][#,0,0,0][#,0,0,0][#,0,0,0][#,0,0,0][#,0,0,0][#,0,0,0][#,0,0,0][#,0,0,0][#,0,0,0][.,0,0,0][.,0,0,0][.,0,0,0][.,0,0,0][.,0,0,0][.,0,0,0][.,0,0,0][.,0,0,0][.,0,0,0][.,0,0,0][.,0,0,0][.,0,0,0][#,0,0,0][#,0,0,0][#,0,0,0][#,0,0,0][#,0,0,0][#,0,0,0][#,0,0,0][#,0,0,0][#,0,0,0]
[#,0,0,0][#,0,0,0][#,0,0,0][#,0,0,0][#,0,0,0][#,0,0,0][#,0,0,0][#,0,0,0][#,0,0,0][#,0,0,0][#,0,0,0][#,0,0,0][#,0,0,0][#,0,0,0][#,0,0,0][.,0,0,0][#,0,0,0][#,0,0,0][#,0,0,0][#,0,0,0][#,0,0,0][#,0,0,0][#,0,0,0][#,0,0,0][#,0,0,0][#,0,0,0][#,0,0,0][#,0,0,0][#,0,0,0][#,0,0,0][#,0,0,0][#,0,0,0][#,0,0,0][#,0,0,0][#,0,0,0][#,0,0,0][#,0,0,0][#,0,0,0][#,0,0,0][#,0,0,0][#,0,0,0][#,0,0,0][#,0,0,0][#,0,0,0][#,0,0,0][#,0,0,0][#,0,0,0][#,0,0,0][#,0,0,0][#,0,0,0][#,0,0,0][#,0,0,0][#,0,0,0][#,0,0,0][#,0,0,0][#,0,0,0][#,0,0,0][#,0,0,0][#,0,0,0][#,0,0,0][#,0,0,0][#,0,0,0][#,0,0,0][#,0,0,0][#,0,0,0][#,0,0,0]
[#,0,0,0][#,0,0,0][#,0,0,0][#,0,0,0][#,0,0,0][#,0,0,0][#,0,0,0][#,0,0,0][#,0,0,0][#,0,0,0][#,0,0,0][#,0,0,0][#,0,0,0][#,0,0,0][#,0,0,0][.,0,0,0][#,0,0,0][#,0,0,0][#,0,0,0][#,0,0,0][#,0,0,0][#,0,0,0][#,0,0,0][#,0,0,0][#,0,0,0][#,0,0,0][#,0,0,0][#,0,0,0][#,0,0,0][#,0,0,0][#,0,0,0][#,0,0,0][#,0,0,0][#,0,0,0][#,0,0,0][#,0,0,0][#,0,0,0][#,0,0,0][#,0,0,0][#,0,0,0][#,0,0,0][#,0,0,0][#,0,0,0][#,0,0,0][#,0,0,0][#,0,0,0][#,0,0,0][#,0,0,0][#,0,0,0][#,0,0,0][#,0,0,0][#,0,0,0][#,0,0,0][#,0,0,0][#,0,0,0][#,0,0,0][#,0,0,0][#,0,0,0][#,0,0,0][#,0,0,0][#,0,0,0][#,0,0,0][#,0,0,0][#,0,0,0][#,0,0,0][#,0,0,0]
[#,0,0,0][#,0,0,0][#,0,0,0][#,0,0,0][#,0,0,0][#,0,0,0][#,0,0,0][#,0,0,0][#,0,0,0][#,0,0,0][#,0,0,0][#,0,0,0][#,0,0,0][#,0,0,0][#,0,0,0][.,0,0,0][#,0,0,0][#,0,0,0][#,0,0,0][#,0,0,0][#,0,0,0][#,0,0,0][#,0,0,0][#,0,0,0][#,0,0,0][#,0,0,0][#,0,0,0][#,0,0,0][#,0,0,0][#,0,0,0][#,0,0,0][#,0,0,0][#,0,0,0][#,0,0,0][#,0,0,0][#,0,0,0][#,0,0,0][#,0,0,0][#,0,0,0][#,0,0,0][.,0,0,0][.,0,0,0][.,0,0,0][.,0,0,0][.,0,0,0][.,0,0,0][.,0,0,0][.,0,0,0][#,0,0,0][#,0,0,0][#,0,0,0][#,0,0,0][#,0,0,0][#,0,0,0][#,0,0,0][#,0,0,0][#,0,0,0][#,0,0,0][#,0,0,0][#,0,0,0][#,0,0,0][#,0,0,0][#,0,0,0][#,0,0,0][#,0,0,0][#,0,0,0]
[#,0,0,0][#,0,0,0][#,0,0,0][#,0,0,0][#,0,0,0][#,0,0,0][#,0,0,0][#,0,0,0][#,0,0,0][#,0,0,0][#,0,0,0][#,0,0,0][#,0,0,0][#,0,0,0][#,0,0,0][.,0,0,0][#,0,0,0][#,0,0,0][#,0,0,0][#,0,0,0][#,0,0,0][#,0,0,0][#,0,0,0][#,0,0,0][#,0,0,0][#,0,0,0][#,0,0,0][#,0,0,0][#,0,0,0][#,0,0,0][#,0,0,0][#,0,0,0][#,0,0,0][#,0,0,0][#,0,0,0][#,0,0,0][#,0,0,0][#,0,0,0][#,0,0,0][#,0,0,0][.,0,0,0][.,0,0,0][.,0,0,0][.,0,0,0][.,0,0,0][.,0,0,0][.,0,0,0][.,0,0,0][#,0,0,0][#,0,0,0][#,0,0,0][#,0,0,0][#,0,0,0][#,0,0,0][#,0,0,0][#,0,0,0][#,0,0,0][#,0,0,0][#,0,0,0][#,0,0,0][#,0,0,0][#,0,0,0][#,0,0,0][#,0,0,0][#,0,0,0][#,0,0,0]
[#,0,0,0][#,0,0,0][#,0,0,0][#,0,0,0][#,0,0,0][#,0,0,0][#,0,0,0][#,0,0,0][#,0,0,0][#,0,0,0][#,0,0,0][#,0,0,0][#,0,0,0][#,0,0,0][#,0,0,0][.,0,0,0][.,0,0,0][.,0,0,0][.,0,0,0][.,0,0,0][.,0,0,0][.,0,0,0][.,0,0,0][.,0,0,0][.,0,0,0][.,0,0,0][.,0,0,0][.,0,0,0][.,0,0,0][.,0,0,0][.,0,0,0][.,0,0,0][.,0,0,0][.,0,0,0][.,0,0,0][.,0,0,0][.,0,0,0][.,0,0,0][.,0,0,0][.,0,0,0][.,0,0,0][.,0,0,0][.,0,0,0][.,0,0,0][<,0,Down Stairs,NewCave1_L3][.,0,0,0][.,0,0,0][.,0,0,0][#,0,0,0][#,0,0,0][#,0,0,0][#,0,0,0][#,0,0,0][#,0,0,0][#,0,0,0][#,0,0,0][#,0,0,0][#,0,0,0][#,0,0,0][#,0,0,0][#,0,0,0][#,0,0,0][#,0,0,0][#,0,0,0][#,0,0,0][#,0,0,0]
[#,0,0,0][#,0,0,0][#,0,0,0][#,0,0,0][#,0,0,0][#,0,0,0][#,0,0,0][#,0,0,0][#,0,0,0][#,0,0,0][#,0,0,0][#,0,0,0][#,0,0,0][#,0,0,0][#,0,0,0][#,0,0,0][#,0,0,0][#,0,0,0][#,0,0,0][#,0,0,0][#,0,0,0][#,0,0,0][#,0,0,0][#,0,0,0][#,0,0,0][#,0,0,0][#,0,0,0][#,0,0,0][#,0,0,0][#,0,0,0][#,0,0,0][#,0,0,0][#,0,0,0][#,0,0,0][#,0,0,0][#,0,0,0][#,0,0,0][#,0,0,0][#,0,0,0][#,0,0,0][.,0,0,0][.,0,0,0][.,0,0,0][.,0,0,0][.,0,0,0][.,0,0,0][.,0,0,0][.,0,0,0][#,0,0,0][#,0,0,0][#,0,0,0][#,0,0,0][#,0,0,0][#,0,0,0][#,0,0,0][#,0,0,0][#,0,0,0][#,0,0,0][#,0,0,0][#,0,0,0][#,0,0,0][#,0,0,0][#,0,0,0][#,0,0,0][#,0,0,0][#,0,0,0]
[#,0,0,0][#,0,0,0][#,0,0,0][#,0,0,0][#,0,0,0][#,0,0,0][#,0,0,0][#,0,0,0][#,0,0,0][#,0,0,0][#,0,0,0][#,0,0,0][#,0,0,0][#,0,0,0][#,0,0,0][#,0,0,0][#,0,0,0][#,0,0,0][#,0,0,0][#,0,0,0][#,0,0,0][#,0,0,0][#,0,0,0][#,0,0,0][#,0,0,0][#,0,0,0][#,0,0,0][#,0,0,0][#,0,0,0][#,0,0,0][#,0,0,0][#,0,0,0][#,0,0,0][#,0,0,0][#,0,0,0][#,0,0,0][#,0,0,0][#,0,0,0][#,0,0,0][#,0,0,0][.,0,0,0][.,0,0,0][.,0,0,0][.,0,0,0][.,0,0,0][.,0,0,0][.,0,0,0][.,0,0,0][#,0,0,0][#,0,0,0][#,0,0,0][#,0,0,0][#,0,0,0][#,0,0,0][#,0,0,0][#,0,0,0][#,0,0,0][#,0,0,0][#,0,0,0][#,0,0,0][#,0,0,0][#,0,0,0][#,0,0,0][#,0,0,0][#,0,0,0][#,0,0,0]
[#,0,0,0][#,0,0,0][#,0,0,0][#,0,0,0][#,0,0,0][#,0,0,0][#,0,0,0][#,0,0,0][#,0,0,0][#,0,0,0][#,0,0,0][#,0,0,0][#,0,0,0][#,0,0,0][#,0,0,0][#,0,0,0][#,0,0,0][#,0,0,0][#,0,0,0][#,0,0,0][#,0,0,0][#,0,0,0][#,0,0,0][#,0,0,0][#,0,0,0][#,0,0,0][#,0,0,0][#,0,0,0][#,0,0,0][#,0,0,0][#,0,0,0][#,0,0,0][#,0,0,0][#,0,0,0][#,0,0,0][#,0,0,0][#,0,0,0][#,0,0,0][#,0,0,0][#,0,0,0][#,0,0,0][#,0,0,0][#,0,0,0][#,0,0,0][#,0,0,0][#,0,0,0][#,0,0,0][#,0,0,0][#,0,0,0][#,0,0,0][#,0,0,0][#,0,0,0][#,0,0,0][#,0,0,0][#,0,0,0][#,0,0,0][#,0,0,0][#,0,0,0][#,0,0,0][#,0,0,0][#,0,0,0][#,0,0,0][#,0,0,0][#,0,0,0][#,0,0,0][#,0,0,0]
[#,0,0,0][#,0,0,0][#,0,0,0][#,0,0,0][#,0,0,0][#,0,0,0][#,0,0,0][#,0,0,0][#,0,0,0][#,0,0,0][#,0,0,0][#,0,0,0][#,0,0,0][#,0,0,0][#,0,0,0][#,0,0,0][#,0,0,0][#,0,0,0][#,0,0,0][#,0,0,0][#,0,0,0][#,0,0,0][#,0,0,0][#,0,0,0][#,0,0,0][#,0,0,0][#,0,0,0][#,0,0,0][#,0,0,0][#,0,0,0][#,0,0,0][#,0,0,0][#,0,0,0][#,0,0,0][#,0,0,0][#,0,0,0][#,0,0,0][#,0,0,0][#,0,0,0][#,0,0,0][#,0,0,0][#,0,0,0][#,0,0,0][#,0,0,0][#,0,0,0][#,0,0,0][#,0,0,0][#,0,0,0][#,0,0,0][#,0,0,0][#,0,0,0][#,0,0,0][#,0,0,0][#,0,0,0][#,0,0,0][#,0,0,0][#,0,0,0][#,0,0,0][#,0,0,0][#,0,0,0][#,0,0,0][#,0,0,0][#,0,0,0][#,0,0,0][#,0,0,0][#,0,0,0]
[#,0,0,0][#,0,0,0][#,0,0,0][#,0,0,0][#,0,0,0][#,0,0,0][#,0,0,0][#,0,0,0][#,0,0,0][#,0,0,0][#,0,0,0][#,0,0,0][#,0,0,0][#,0,0,0][#,0,0,0][#,0,0,0][#,0,0,0][#,0,0,0][#,0,0,0][#,0,0,0][#,0,0,0][#,0,0,0][#,0,0,0][#,0,0,0][#,0,0,0][#,0,0,0][#,0,0,0][#,0,0,0][#,0,0,0][#,0,0,0][#,0,0,0][#,0,0,0][#,0,0,0][#,0,0,0][#,0,0,0][#,0,0,0][#,0,0,0][#,0,0,0][#,0,0,0][#,0,0,0][#,0,0,0][#,0,0,0][#,0,0,0][#,0,0,0][#,0,0,0][#,0,0,0][#,0,0,0][#,0,0,0][#,0,0,0][#,0,0,0][#,0,0,0][#,0,0,0][#,0,0,0][#,0,0,0][#,0,0,0][#,0,0,0][#,0,0,0][#,0,0,0][#,0,0,0][#,0,0,0][#,0,0,0][#,0,0,0][#,0,0,0][#,0,0,0][#,0,0,0][#,0,0,0]